Chr	posStart	PosEnd	Coverage	JunctionsPerPos	psi1	sd1
zikvMR766	8740	8850	1162	3	0.00343053	0.00255079
zikvMR766	5210	5340	1211	4	0.00411184	0.00266918
zikvMR766	7490	7620	1058	10	0.01029	0.004242
zikvMR766	6310	6430	1491	10	0.00732357	0.00302508
zikvMR766	9940	9990	1526	10	0.0071568	0.00295653
zikvMR766	7410	7520	1122	10	0.00970874	0.00400394
zikvMR766	10380	10500	895	6	0.00776053	0.00412704
zikvMR766	9940	9950	1475	6	0.00472335	0.00251766
zikvMR766	9690	9800	1681	10	0.00650118	0.00268686
zikvMR766	620	760	1563	2	0.00191571	0.00170968
zikvMR766	10410	10530	898	10	0.0121012	0.00498264
zikvMR766	8890	9010	1049	10	0.0103774	0.00427778
zikvMR766	620	720	1441	10	0.00757576	0.00312873
zikvMR766	8610	8620	1570	5	0.00380711	0.00221996
zikvMR766	4070	4250	1342	10	0.00813008	0.00335642
zikvMR766	4070	4210	1247	10	0.00874404	0.00360841
zikvMR766	260	340	894	10	0.0121547	0.00500448
zikvMR766	10010	10030	1707	23	0.0138648	0.00375941
zikvMR766	6030	6140	1395	10	0.00782361	0.00323056
zikvMR766	260	300	760	10	0.0142672	0.00586597
zikvMR766	2930	3060	1131	1	0.00176523	0.00206373
zikvMR766	5530	5590	1444	8	0.00619408	0.00286121
zikvMR766	5530	5550	1439	7	0.00552868	0.00272975
zikvMR766	9330	10530	1195	2	0.00250417	0.00223342
zikvMR766	1250	1380	1319	20	0.0156716	0.00455277
zikvMR766	4540	4560	1563	10	0.00698856	0.00288735
zikvMR766	1250	1340	1307	4	0.00381098	0.00247452
zikvMR766	3050	3080	1150	10	0.00947459	0.00390799
zikvMR766	270	310	816	10	0.0133011	0.0054723
zikvMR766	10	120	28	10	0.282051	0.0944016
zikvMR766	6090	6110	1511	10	0.00722733	0.00298552
zikvMR766	6210	6300	1583	10	0.00690088	0.00285129
zikvMR766	5610	5740	1091	3	0.00365297	0.00271562
zikvMR766	8410	8520	1357	10	0.00804094	0.00331982
zikvMR766	4260	4270	1904	4	0.00261917	0.00170239
zikvMR766	5910	6000	1014	10	0.0107317	0.00442279
zikvMR766	6320	6400	1435	10	0.00760719	0.00314164
zikvMR766	4590	9560	1518	1	0.00131579	0.00153925
zikvMR766	7760	7870	791	10	0.0137157	0.00564131
zikvMR766	3630	3760	1395	10	0.00782361	0.00323056
zikvMR766	1280	1440	1373	6	0.00507246	0.00270303
zikvMR766	1280	1400	1391	10	0.00784593	0.00323972
zikvMR766	5180	5310	1153	10	0.00945017	0.00389797
zikvMR766	9890	10020	1680	10	0.00650503	0.00268844
zikvMR766	650	710	1397	10	0.0078125	0.00322599
zikvMR766	6870	6890	862	20	0.0237826	0.00687579
zikvMR766	6380	6490	1309	10	0.00833333	0.00343986
zikvMR766	7850	9910	1167	2	0.0025641	0.00228672
zikvMR766	4680	4760	1675	10	0.00652432	0.00269638
zikvMR766	1150	1290	1379	10	0.00791367	0.00326755
zikvMR766	4680	4720	1702	10	0.00642148	0.00265406
zikvMR766	5540	5560	1370	10	0.00796524	0.00328873
zikvMR766	890	960	1908	10	0.00573215	0.00237024
zikvMR766	890	920	1810	10	0.00604064	0.00249728
zikvMR766	2010	2050	1458	10	0.00748809	0.00309271
zikvMR766	9300	9420	1081	10	0.0100733	0.00415326
zikvMR766	3690	3770	1443	10	0.00756534	0.00312444
zikvMR766	4320	6130	1720	1	0.00116144	0.00135897
zikvMR766	7790	7930	798	3	0.00498753	0.00370305
zikvMR766	5230	5670	1034	10	0.0105263	0.00433874
zikvMR766	1720	1840	1607	10	0.00679852	0.00280918
zikvMR766	8910	8970	1004	20	0.0204878	0.0059349
zikvMR766	8420	8570	1422	1	0.00140449	0.00164282
zikvMR766	5620	5750	1103	8	0.00809353	0.00373364
zikvMR766	8910	8930	967	30	0.0310621	0.00730019
zikvMR766	8420	8530	1371	10	0.00795948	0.00328637
zikvMR766	7570	9310	1147	10	0.00949914	0.00391804
zikvMR766	1840	7830	1319	1	0.001514	0.00177064
zikvMR766	50	5570	675	1	0.00295421	0.00344811
zikvMR766	590	700	1480	9	0.00671141	0.00292285
zikvMR766	1570	1700	1391	10	0.00784593	0.00323972
zikvMR766	6330	6450	1530	10	0.00713822	0.00294889
zikvMR766	6330	6410	1457	10	0.00749319	0.0030948
zikvMR766	9470	9570	1235	10	0.00882825	0.00364296
zikvMR766	10620	10740	1047	4	0.00475285	0.0030836
zikvMR766	9470	9530	1052	2	0.0028436	0.00253521
zikvMR766	8480	8810	1372	19	0.0143678	0.00428597
zikvMR766	5290	5680	1093	4	0.00455373	0.00295491
zikvMR766	1700	1790	1539	20	0.0134615	0.00391584
zikvMR766	1840	3290	1311	1	0.00152323	0.00178141
zikvMR766	4510	9030	1194	3	0.0033389	0.00248287
zikvMR766	3940	4070	1785	10	0.00612472	0.00253191
zikvMR766	1700	1750	1342	3	0.00297177	0.00221063
zikvMR766	3940	4030	2226	1	0.000897666	0.00105072
zikvMR766	3630	7370	1233	1	0.00161943	0.00189367
zikvMR766	8800	9060	1171	10	0.00930626	0.00383898
zikvMR766	6050	6160	1466	10	0.00744753	0.00307603
zikvMR766	2490	2590	870	9	0.0113636	0.00493322
zikvMR766	8800	9020	1109	2	0.00269784	0.00240564
zikvMR766	3010	3050	1366	10	0.00798838	0.00329823
zikvMR766	8600	8730	1382	5	0.00432277	0.00251961
zikvMR766	7980	7990	522	9	0.018797	0.00811868
zikvMR766	5040	7420	1008	4	0.00493583	0.00320182
zikvMR766	8090	8110	867	1	0.0023015	0.0026887
zikvMR766	6150	6170	1783	10	0.00613155	0.00253471
zikvMR766	2260	2390	942	3	0.00422833	0.00314163
zikvMR766	9800	9870	1729	2	0.0017321	0.00154612
zikvMR766	4470	9030	1050	2	0.002849	0.00254002
zikvMR766	1280	3210	1243	2	0.0024077	0.00214761
zikvMR766	10130	10210	1187	18	0.0157546	0.00482464
zikvMR766	1030	1070	1792	4	0.00278242	0.00180825
zikvMR766	3470	9030	1134	1	0.00176056	0.00205829
zikvMR766	7070	7210	1307	9	0.00759301	0.0033048
zikvMR766	9760	9830	1766	4	0.00282326	0.00183473
zikvMR766	8920	8940	992	2	0.00301508	0.00268759
zikvMR766	7670	7790	849	10	0.0127907	0.00526411
zikvMR766	7670	7750	794	10	0.0136646	0.00562048
zikvMR766	4540	6210	1591	1	0.00125549	0.00146883
zikvMR766	5240	5370	1166	2	0.0025663	0.00228867
zikvMR766	10590	10630	1551	10	0.00704225	0.00290943
zikvMR766	6830	6860	1045	10	0.0104167	0.00429386
zikvMR766	2260	6890	962	1	0.00207469	0.00242449
zikvMR766	8870	8890	1122	10	0.00970874	0.00400394
zikvMR766	1840	1910	1589	21	0.0136561	0.00387604
zikvMR766	6440	6470	1454	20	0.0142373	0.0041396
zikvMR766	9940	10000	1549	10	0.00705128	0.00291314
zikvMR766	920	1040	1726	10	0.00633276	0.00261754
zikvMR766	9090	9190	988	10	0.011011	0.00453706
zikvMR766	9090	9150	1034	1	0.0019305	0.00225644
zikvMR766	4590	4640	1594	10	0.00685358	0.00283183
zikvMR766	2890	2950	1063	10	0.0102421	0.00422239
zikvMR766	1060	1170	1649	10	0.00662651	0.00273843
zikvMR766	4590	4600	1497	1	0.00133422	0.00156077
zikvMR766	1060	1130	1606	10	0.00680272	0.00281091
zikvMR766	7510	7650	1081	9	0.0091659	0.00398511
zikvMR766	3020	3060	1313	10	0.00830816	0.00342953
zikvMR766	7510	7610	1162	10	0.00937766	0.00386825
zikvMR766	5060	5090	1273	10	0.00856698	0.00353576
zikvMR766	910	930	1879	10	0.00582011	0.00240646
zikvMR766	9170	9300	1132	5	0.00527241	0.0030708
zikvMR766	5530	5670	1287	5	0.00464037	0.00270404
zikvMR766	5530	5630	1275	10	0.00855365	0.00353029
zikvMR766	3100	3210	1086	3	0.00366972	0.00272803
zikvMR766	6730	6770	1439	10	0.00758621	0.00313302
zikvMR766	10470	10570	1259	10	0.00866142	0.00357452
zikvMR766	9040	9150	1108	20	0.0186005	0.00539425
zikvMR766	8930	8990	965	10	0.0112705	0.00464318
zikvMR766	4540	4640	1606	7	0.00495663	0.00244832
zikvMR766	270	470	921	16	0.0181237	0.00587869
zikvMR766	10470	10530	1081	6	0.00643382	0.00342494
zikvMR766	9040	9110	1022	8	0.00872939	0.00402517
zikvMR766	8930	8950	1025	20	0.0200765	0.00581717
zikvMR766	4540	4600	1508	10	0.00724161	0.00299139
zikvMR766	4640	4690	1667	10	0.00655542	0.00270918
zikvMR766	3050	3160	1110	1	0.00179856	0.00210261
zikvMR766	4640	4650	1702	9	0.00584112	0.00254534
zikvMR766	3550	3690	1145	18	0.016323	0.00499702
zikvMR766	9640	9690	1563	10	0.00698856	0.00288735
zikvMR766	6190	6280	1506	10	0.00725115	0.00299531
zikvMR766	3550	3650	1180	10	0.00923594	0.00381015
zikvMR766	1850	1960	1491	1	0.00133958	0.00156703
zikvMR766	9640	9650	1522	8	0.00587851	0.00271604
zikvMR766	4410	4490	1042	8	0.00856327	0.00394903
zikvMR766	2060	2170	1313	3	0.00303721	0.00225917
zikvMR766	810	3060	1627	11	0.00732154	0.00288374
zikvMR766	8510	8690	1441	6	0.00483425	0.00257655
zikvMR766	5850	5880	1071	10	0.0101664	0.00419138
zikvMR766	4260	4350	1731	10	0.00631458	0.00261006
zikvMR766	5120	5190	1132	10	0.0096238	0.00396913
zikvMR766	4260	4310	1768	10	0.00618325	0.002556
zikvMR766	5120	5150	1064	10	0.0102326	0.00421849
zikvMR766	280	480	996	10	0.0109235	0.00450127
zikvMR766	7160	7180	1240	10	0.00879297	0.00362848
zikvMR766	10000	10060	1548	4	0.00321958	0.00209157
zikvMR766	9990	10100	1494	6	0.00466356	0.0024859
zikvMR766	2520	7780	853	1	0.00233918	0.00273258
zikvMR766	3020	8060	1090	2	0.00274474	0.00244733
zikvMR766	700	790	1914	18	0.00982928	0.00302083
zikvMR766	1670	1680	1389	6	0.00501433	0.00267216
zikvMR766	700	750	1801	20	0.0115258	0.00335659
zikvMR766	2750	4790	1159	1	0.00172265	0.00201408
zikvMR766	700	710	1644	8	0.00544465	0.00251635
zikvMR766	1280	1290	1336	1	0.00149477	0.00174819
zikvMR766	9330	9410	1201	6	0.0057947	0.00308621
zikvMR766	3000	3120	1135	3	0.00351185	0.00261105
zikvMR766	6870	6930	916	10	0.0118662	0.00488666
zikvMR766	10460	10480	985	1	0.00202634	0.00236815
zikvMR766	9670	9710	1593	6	0.004375	0.00233259
zikvMR766	2740	2860	785	10	0.0138191	0.00568344
zikvMR766	730	860	1902	10	0.00575013	0.00237764
zikvMR766	5540	5600	1295	10	0.00842266	0.00347653
zikvMR766	4700	4790	1615	10	0.00676507	0.00279543
zikvMR766	6940	7070	1045	10	0.0104167	0.00429386
zikvMR766	5880	5940	1108	10	0.00983021	0.00405371
zikvMR766	5880	5900	1129	10	0.00964912	0.00397951
zikvMR766	3690	3810	1422	20	0.014553	0.0042306
zikvMR766	9050	9120	1050	1	0.00190114	0.00222221
zikvMR766	660	800	1653	10	0.00661058	0.00273187
zikvMR766	6120	6190	1646	10	0.0066385	0.00274336
zikvMR766	1060	8870	1434	2	0.00208768	0.00186281
zikvMR766	6120	6150	1805	10	0.00605727	0.00250413
zikvMR766	10140	10190	1130	10	0.00964067	0.00397604
zikvMR766	10140	10150	1198	9	0.00827815	0.00360132
zikvMR766	1080	1190	1715	10	0.00637312	0.00263416
zikvMR766	9900	10030	1612	1	0.00123916	0.00144975
zikvMR766	6340	8150	1468	2	0.00203943	0.00181985
zikvMR766	8130	8270	1316	10	0.00828937	0.00342182
zikvMR766	9470	9610	1308	10	0.00833965	0.00344246
zikvMR766	8000	8350	775	9	0.0127389	0.00552503
zikvMR766	1340	1350	1479	1	0.00135044	0.00157971
zikvMR766	1700	1830	1573	19	0.0125549	0.00374923
zikvMR766	8730	8770	1245	10	0.00875796	0.00361412
zikvMR766	3740	3860	1697	10	0.00644028	0.0026618
zikvMR766	3740	3820	1563	10	0.00698856	0.00288735
zikvMR766	8090	8230	1255	9	0.00790514	0.00343992
zikvMR766	6870	10790	457	1	0.0043573	0.00507591
zikvMR766	6150	6210	1770	9	0.00561798	0.00244847
zikvMR766	1160	1300	1405	3	0.00283889	0.00211205
zikvMR766	9800	9950	1637	1	0.00122026	0.00142768
zikvMR766	6410	6490	1277	1	0.00156372	0.00182866
zikvMR766	5310	5360	1273	10	0.00856698	0.00353576
zikvMR766	9800	9910	1588	10	0.0068793	0.00284241
zikvMR766	6410	6450	1332	10	0.00819062	0.00338128
zikvMR766	5310	5320	1235	3	0.00322841	0.00240096
zikvMR766	1950	2000	1454	10	0.00750853	0.00310111
zikvMR766	2360	2480	819	10	0.013253	0.00545269
zikvMR766	10130	10330	1167	2	0.0025641	0.00228672
zikvMR766	760	890	1910	10	0.00572618	0.00236778
zikvMR766	8860	9190	1066	17	0.0166052	0.00523006
zikvMR766	760	850	1943	2	0.00154162	0.00137638
zikvMR766	5420	5460	1649	7	0.004828	0.00238501
zikvMR766	1030	1110	1700	10	0.00642899	0.00265715
zikvMR766	4170	4270	1673	10	0.00653207	0.00269957
zikvMR766	9050	10680	1264	1	0.00157978	0.0018474
zikvMR766	400	2860	1067	2	0.00280374	0.00249978
zikvMR766	690	830	1798	4	0.00277316	0.00180224
zikvMR766	9130	9270	1056	6	0.00658514	0.00350509
zikvMR766	6570	6700	1460	2	0.00205058	0.00182977
zikvMR766	950	1070	1929	9	0.0051573	0.0022484
zikvMR766	300	490	1007	2	0.0029703	0.0026478
zikvMR766	8870	8970	1079	3	0.00369344	0.0027456
zikvMR766	6830	6900	1018	10	0.01069	0.00440573
zikvMR766	610	680	1391	10	0.00784593	0.00323972
zikvMR766	8870	8930	1042	10	0.0104463	0.00430601
zikvMR766	610	640	1157	10	0.00941781	0.00388471
zikvMR766	6680	6800	1250	10	0.00872324	0.00359988
zikvMR766	3910	9820	2019	1	0.000989609	0.00115819
zikvMR766	6700	6790	1373	10	0.00794798	0.00328164
zikvMR766	3490	3630	1196	10	0.0091135	0.00375995
zikvMR766	230	470	814	16	0.0204573	0.00662611
zikvMR766	9090	9230	1050	5	0.00568182	0.00330817
zikvMR766	6700	6750	1563	2	0.00191571	0.00170968
zikvMR766	3750	3870	1739	10	0.00628571	0.00259818
zikvMR766	3750	3830	1683	2	0.00177936	0.00158823
zikvMR766	7410	7490	1018	10	0.01069	0.00440573
zikvMR766	6310	6360	1501	8	0.00596026	0.00275365
zikvMR766	5790	5860	955	10	0.0113872	0.00469087
zikvMR766	1810	1850	1654	9	0.00600962	0.00261847
zikvMR766	2910	2980	1201	10	0.00907591	0.00374453
zikvMR766	6310	6320	1572	10	0.00694883	0.00287101
zikvMR766	5790	5820	897	10	0.0121145	0.00498808
zikvMR766	5060	5170	1191	3	0.00334728	0.00248908
zikvMR766	8910	9160	1050	1	0.00190114	0.00222221
zikvMR766	5060	5130	1206	10	0.00903862	0.00372924
zikvMR766	1860	2000	1405	7	0.00566171	0.00279517
zikvMR766	5560	5660	1177	2	0.00254237	0.0022674
zikvMR766	4620	6210	1547	16	0.0108696	0.00354141
zikvMR766	7260	7310	1560	10	0.00700191	0.00289284
zikvMR766	980	1130	1704	1	0.00117233	0.0013717
zikvMR766	2530	4130	1133	3	0.00351803	0.00261563
zikvMR766	6090	9540	1380	2	0.0021692	0.00193537
zikvMR766	4070	4100	1007	9	0.00983284	0.00427313
zikvMR766	3470	3540	1161	10	0.00938567	0.00387154
zikvMR766	260	270	662	5	0.00898204	0.00521589
zikvMR766	7770	8070	814	1	0.00245098	0.00286274
zikvMR766	7720	7840	968	10	0.011236	0.00462907
zikvMR766	3470	3500	1167	10	0.00933786	0.00385194
zikvMR766	10570	10610	1456	10	0.0074983	0.0030969
zikvMR766	8820	8930	1142	10	0.00954033	0.00393493
zikvMR766	9920	10060	1406	8	0.00636042	0.0029377
zikvMR766	9920	10020	1554	10	0.00702875	0.00290388
zikvMR766	280	9120	878	1	0.00227273	0.0026552
zikvMR766	320	430	1045	10	0.0104167	0.00429386
zikvMR766	10470	10610	1274	2	0.00234926	0.00209561
zikvMR766	7830	7900	898	5	0.00663717	0.00386146
zikvMR766	4300	4430	1338	8	0.00668151	0.00308531
zikvMR766	3050	3280	1172	1	0.00170358	0.00199183
zikvMR766	270	280	739	9	0.0133511	0.00578815
zikvMR766	2210	2350	990	10	0.010989	0.00452806
zikvMR766	8300	8350	1187	2	0.00252101	0.0022484
zikvMR766	6190	6320	1590	10	0.00687071	0.00283888
zikvMR766	2210	2310	1010	10	0.0107738	0.00444001
zikvMR766	8300	8310	1213	3	0.00328677	0.00244423
zikvMR766	5350	5470	1570	10	0.00695762	0.00287462
zikvMR766	4410	4530	1229	6	0.00566343	0.0030166
zikvMR766	6690	6810	1255	10	0.00868878	0.00358574
zikvMR766	5350	5430	1445	10	0.00755495	0.00312017
zikvMR766	4750	4870	1489	10	0.00733333	0.0030291
zikvMR766	6210	6270	1604	10	0.00681115	0.00281438
zikvMR766	5850	5960	1052	10	0.0103481	0.00426578
zikvMR766	4510	4580	1404	20	0.0147368	0.00428358
zikvMR766	10080	10120	1405	10	0.00776836	0.00320786
zikvMR766	9590	9680	1616	23	0.0146341	0.00396623
zikvMR766	6210	6230	1661	10	0.00657895	0.00271886
zikvMR766	4510	4540	1442	20	0.0143541	0.00417326
zikvMR766	9590	9640	1622	20	0.0127815	0.00371952
zikvMR766	3910	3940	2483	30	0.0123309	0.00292906
zikvMR766	260	9030	832	1	0.00239808	0.00280116
zikvMR766	9590	9600	1675	30	0.0181712	0.0043021
zikvMR766	9590	10070	1534	3	0.00260078	0.00193534
zikvMR766	7160	7260	1451	5	0.00411805	0.00240068
zikvMR766	8250	9380	1395	2	0.00214592	0.00191465
zikvMR766	7160	7220	1288	10	0.00846805	0.00349516
zikvMR766	4360	4400	1339	10	0.00814815	0.00336384
zikvMR766	6320	6370	1509	10	0.00723684	0.00298944
zikvMR766	3520	3550	1077	8	0.00828729	0.00382251
zikvMR766	6320	6330	1631	2	0.00183599	0.00163867
zikvMR766	4620	4640	1562	10	0.00699301	0.00288917
zikvMR766	4470	4540	1298	10	0.00840336	0.00346861
zikvMR766	700	830	1795	10	0.00609081	0.00251794
zikvMR766	1670	1720	1481	10	0.00737265	0.00304526
zikvMR766	9820	9970	1566	5	0.00381679	0.00222559
zikvMR766	4470	4500	1111	10	0.00980392	0.00404293
zikvMR766	8770	9030	1149	1	0.00173762	0.00203153
zikvMR766	5180	5280	1062	10	0.0102516	0.0042263
zikvMR766	1280	1330	1375	3	0.00290065	0.00215787
zikvMR766	650	680	1426	18	0.0131488	0.00403297
zikvMR766	10460	10560	1148	10	0.00949094	0.00391468
zikvMR766	4680	4690	1679	8	0.00533175	0.00246437
zikvMR766	4700	4830	1500	10	0.00727995	0.00300715
zikvMR766	420	480	1175	10	0.00927487	0.00382612
zikvMR766	9300	9390	1127	10	0.00966608	0.00398646
zikvMR766	2760	3260	907	10	0.0119826	0.00493419
zikvMR766	420	440	1115	10	0.00976909	0.00402867
zikvMR766	710	840	1750	10	0.00624645	0.00258202
zikvMR766	9300	9350	1199	2	0.00249584	0.00222601
zikvMR766	3210	3310	1081	3	0.00368664	0.00274056
zikvMR766	710	800	1821	3	0.00219178	0.00163161
zikvMR766	9300	9310	1159	8	0.00770548	0.00355559
zikvMR766	5900	5930	1160	8	0.00769889	0.00355257
zikvMR766	2910	3050	1204	10	0.0090535	0.00373534
zikvMR766	2910	3010	1263	10	0.00863422	0.00356335
zikvMR766	7210	7230	1473	10	0.0074124	0.00306159
zikvMR766	6830	8980	1108	1	0.0018018	0.00210639
zikvMR766	2180	2670	996	10	0.0109235	0.00450127
zikvMR766	930	2130	1573	7	0.00506009	0.00249924
zikvMR766	8420	8460	1428	10	0.0076442	0.00315685
zikvMR766	430	450	1084	10	0.0100457	0.00414195
zikvMR766	8300	9000	1120	10	0.00972591	0.00401097
zikvMR766	6330	6380	1488	18	0.0126078	0.0038683
zikvMR766	4260	9160	1524	3	0.0026178	0.00194797
zikvMR766	1340	1470	1334	10	0.00817844	0.00337627
zikvMR766	6330	6340	1624	10	0.00672783	0.00278011
zikvMR766	1100	1180	1632	8	0.00548446	0.00253468
zikvMR766	8240	8410	1526	10	0.0071568	0.00295653
zikvMR766	9100	9210	972	10	0.0111902	0.00461035
zikvMR766	9440	9550	1213	10	0.00898693	0.00370804
zikvMR766	6510	7970	1001	1	0.00199402	0.00233048
zikvMR766	3220	3360	1181	3	0.00337553	0.00251002
zikvMR766	6510	6540	1390	10	0.00785153	0.00324202
zikvMR766	5910	5980	1086	10	0.0100273	0.00413445
zikvMR766	8710	8760	1367	3	0.00291758	0.00217043
zikvMR766	5910	5940	1135	10	0.0095986	0.00395881
zikvMR766	5420	5540	1467	20	0.0141129	0.00410373
zikvMR766	1860	1970	1429	10	0.00763889	0.00315467
zikvMR766	10130	10180	1200	33	0.0275527	0.00618613
zikvMR766	8710	8720	1377	9	0.00720981	0.00313883
zikvMR766	5420	5500	1575	10	0.00693569	0.0028656
zikvMR766	10130	10140	1286	17	0.0138037	0.00435508
zikvMR766	450	470	1103	10	0.00987433	0.00407178
zikvMR766	7220	7240	1506	8	0.00594059	0.0027446
zikvMR766	8320	8330	1168	1	0.0017094	0.00199862
zikvMR766	400	2900	1088	5	0.00548446	0.00319376
zikvMR766	3970	4060	1703	4	0.0029274	0.00190223
zikvMR766	8140	8360	1184	2	0.00252738	0.00225407
zikvMR766	6340	6390	1407	10	0.0077574	0.00320336
zikvMR766	1840	1880	1579	30	0.0192547	0.00455582
zikvMR766	6340	6350	1558	6	0.00447284	0.00238458
zikvMR766	250	380	899	10	0.0120879	0.00497721
zikvMR766	6700	6830	1384	21	0.0156472	0.00443598
zikvMR766	8740	8860	1150	10	0.00947459	0.00390799
zikvMR766	1280	4760	1490	1	0.00134048	0.00156808
zikvMR766	7490	7630	1061	10	0.0102612	0.00423021
zikvMR766	6310	6440	1516	3	0.00263158	0.0019582
zikvMR766	8590	8720	1363	4	0.00365497	0.00237353
zikvMR766	7410	7530	1127	10	0.00966608	0.00398646
zikvMR766	5710	5840	1098	1	0.00181818	0.00212549
zikvMR766	9940	9960	1488	10	0.00733823	0.00303112
zikvMR766	9690	9810	1657	10	0.00659472	0.00272535
zikvMR766	10410	10540	945	8	0.00943396	0.00434791
zikvMR766	8890	9020	1057	8	0.00844278	0.0038938
zikvMR766	620	730	1490	10	0.00732845	0.00302709
zikvMR766	5560	5700	1233	10	0.00884244	0.00364878
zikvMR766	8610	8630	1552	10	0.00703775	0.00290757
zikvMR766	4070	4260	1430	1	0.00139665	0.00163366
zikvMR766	4070	4220	1286	1	0.0015528	0.00181591
zikvMR766	260	350	926	10	0.0117396	0.00483491
zikvMR766	10010	10040	1640	3	0.00243309	0.00181084
zikvMR766	6030	6150	1409	10	0.00774648	0.00319887
zikvMR766	260	310	782	10	0.0138714	0.00570474
zikvMR766	9170	9270	1101	1	0.00181324	0.00211972
zikvMR766	1250	1390	1277	12	0.0100775	0.00379361
zikvMR766	4540	4570	1545	10	0.00706941	0.00292059
zikvMR766	1250	1350	1320	10	0.00826446	0.00341159
zikvMR766	260	1460	932	1	0.00214133	0.00250214
zikvMR766	3050	3090	1145	10	0.00951557	0.00392478
zikvMR766	10	130	45	10	0.196429	0.0706841
zikvMR766	270	320	839	3	0.00474496	0.00352376
zikvMR766	6090	6120	1603	10	0.00681537	0.00281612
zikvMR766	10100	10220	1231	1	0.00162206	0.00189673
zikvMR766	6210	6310	1594	1	0.00125313	0.00146608
zikvMR766	5610	5750	1100	4	0.00452489	0.00293627
zikvMR766	8410	8530	1331	10	0.00819672	0.00338378
zikvMR766	4260	4280	1819	10	0.00601093	0.00248505
zikvMR766	5910	6010	1031	6	0.00674374	0.00358908
zikvMR766	6320	6410	1433	3	0.00278358	0.00207101
zikvMR766	7760	7880	770	10	0.0140845	0.00579157
zikvMR766	500	4450	1075	1	0.00185701	0.00217076
zikvMR766	1670	1800	1581	5	0.00378072	0.00220462
zikvMR766	3630	3770	1416	10	0.00770848	0.00318326
zikvMR766	1280	1410	1393	4	0.00357654	0.00232276
zikvMR766	5180	5320	1200	4	0.00414938	0.00269346
zikvMR766	9890	10030	1673	7	0.00475907	0.00235107
zikvMR766	9330	9380	1216	10	0.00896496	0.00369903
zikvMR766	650	720	1456	10	0.0074983	0.0030969
zikvMR766	2470	8930	839	1	0.00237812	0.00277792
zikvMR766	10460	10600	1184	10	0.00920502	0.00379748
zikvMR766	8080	8190	1134	4	0.00438982	0.00284895
zikvMR766	280	3670	998	1	0.002	0.00233745
zikvMR766	4680	4770	1662	4	0.0029994	0.0019489
zikvMR766	4680	4730	1729	10	0.00632184	0.00261305
zikvMR766	5540	5570	1373	10	0.00794798	0.00328164
zikvMR766	890	970	1915	1	0.0010433	0.00122094
zikvMR766	2010	2060	1434	10	0.00761246	0.00314381
zikvMR766	890	930	1862	10	0.00587293	0.00242822
zikvMR766	9300	9430	1026	10	0.0106075	0.00437198
zikvMR766	4800	4920	1403	8	0.00637394	0.00294392
zikvMR766	3690	3780	1440	10	0.00758098	0.00313087
zikvMR766	2010	2020	1500	2	0.00199601	0.00178118
zikvMR766	9050	9090	1036	2	0.00288739	0.00257413
zikvMR766	660	770	1721	2	0.00174014	0.00155329
zikvMR766	8800	8840	1242	1	0.00160772	0.00188
zikvMR766	7790	7900	863	10	0.0125858	0.0051805
zikvMR766	5230	5680	1037	10	0.0104962	0.00432641
zikvMR766	1720	1850	1516	9	0.00655308	0.0028542
zikvMR766	8910	8980	981	16	0.0170341	0.00552897
zikvMR766	5620	5760	1059	5	0.0056338	0.00328034
zikvMR766	8910	8940	998	30	0.0301263	0.00708407
zikvMR766	8420	8540	1374	10	0.00794224	0.00327928
zikvMR766	7570	9320	1202	10	0.00906843	0.00374146
zikvMR766	3020	9530	1363	2	0.00219619	0.0019594
zikvMR766	590	710	1436	10	0.00760194	0.00313949
zikvMR766	8420	8500	1387	20	0.0149148	0.00433484
zikvMR766	1570	1710	1452	3	0.00274725	0.00204405
zikvMR766	6330	6460	1531	10	0.00713359	0.00294698
zikvMR766	6330	6420	1500	10	0.00727995	0.00300715
zikvMR766	9470	9580	1264	10	0.00862745	0.00356057
zikvMR766	10620	10750	1008	10	0.0107949	0.00444865
zikvMR766	9470	9540	1049	10	0.0103774	0.00427778
zikvMR766	8480	8820	1371	10	0.00795948	0.00328637
zikvMR766	510	520	1176	7	0.00675676	0.00333314
zikvMR766	5290	5650	1061	13	0.0130233	0.00470142
zikvMR766	1700	1760	1372	10	0.00795372	0.003284
zikvMR766	3940	4040	2076	10	0.00527072	0.00218011
zikvMR766	8800	9070	1147	3	0.00347524	0.00258392
zikvMR766	6050	6170	1408	10	0.00775194	0.00320112
zikvMR766	8800	9030	1142	10	0.00954033	0.00393493
zikvMR766	3010	3060	1302	10	0.00837776	0.0034581
zikvMR766	8600	8740	1367	8	0.0065407	0.00302059
zikvMR766	3010	3020	1436	1	0.00139082	0.00162685
zikvMR766	6150	6180	1766	5	0.003386	0.00197507
zikvMR766	9800	9880	1715	10	0.00637312	0.00263416
zikvMR766	810	930	1971	6	0.00353893	0.00188802
zikvMR766	6090	8470	1511	1	0.00132188	0.00154636
zikvMR766	10130	10220	1199	10	0.00909091	0.00375069
zikvMR766	1030	1080	1811	10	0.00603732	0.00249592
zikvMR766	8040	8430	1046	1	0.0019084	0.00223068
zikvMR766	3970	4100	1691	10	0.00646298	0.00267114
zikvMR766	7670	7760	787	10	0.0137845	0.00566934
zikvMR766	5240	5380	1190	10	0.00915903	0.00377862
zikvMR766	10590	10640	1595	7	0.00499064	0.00246506
zikvMR766	6830	6870	1050	10	0.0103676	0.00427377
zikvMR766	10590	10600	1508	6	0.00462046	0.002463
zikvMR766	1840	1920	1602	10	0.00681959	0.00281786
zikvMR766	6680	6770	1334	7	0.00596125	0.00294241
zikvMR766	2050	2170	1336	8	0.00669145	0.00308988
zikvMR766	6440	6480	1422	20	0.014553	0.0042306
zikvMR766	9940	10010	1567	5	0.00381437	0.00222418
zikvMR766	920	1050	1720	6	0.00405327	0.00216158
zikvMR766	6980	7030	987	3	0.00403633	0.00299951
zikvMR766	9090	9160	1049	7	0.00756859	0.00373143
zikvMR766	4590	4650	1617	10	0.00675676	0.00279201
zikvMR766	2890	2960	1104	5	0.00540541	0.00314793
zikvMR766	1060	1180	1658	10	0.00659077	0.00272372
zikvMR766	4590	4610	1485	10	0.00735294	0.00303716
zikvMR766	1060	1140	1566	10	0.00697527	0.00288189
zikvMR766	3020	3070	1273	5	0.00469116	0.00273353
zikvMR766	7510	7620	1149	10	0.00948276	0.00391133
zikvMR766	3020	3030	1380	10	0.00790798	0.00326521
zikvMR766	3010	8060	1078	1	0.00185185	0.00216475
zikvMR766	590	2370	1032	1	0.00193424	0.00226079
zikvMR766	8910	9050	1036	1	0.00192678	0.00225211
zikvMR766	7260	7280	1716	7	0.00464037	0.00229263
zikvMR766	910	940	1938	10	0.00564392	0.00233389
zikvMR766	10570	10580	1445	6	0.00482094	0.00256948
zikvMR766	5530	5640	1240	10	0.00879297	0.00362848
zikvMR766	5530	5600	1356	10	0.00804682	0.00332223
zikvMR766	3100	3220	1136	10	0.00959024	0.00395538
zikvMR766	6730	6780	1390	10	0.00785153	0.00324202
zikvMR766	10470	10580	1263	10	0.00863422	0.00356335
zikvMR766	9040	9160	1123	20	0.0183566	0.0053243
zikvMR766	6730	6740	1546	9	0.00642674	0.00279941
zikvMR766	270	480	953	10	0.0114108	0.00470053
zikvMR766	2880	3020	1225	3	0.00325468	0.00242043
zikvMR766	10470	10540	1128	10	0.00965759	0.00398298
zikvMR766	9040	9120	1034	10	0.0105263	0.00433874
zikvMR766	8930	8960	1047	20	0.0196629	0.00569875
zikvMR766	4540	4610	1496	10	0.00729927	0.00301509
zikvMR766	3050	3170	1112	8	0.00802855	0.00370383
zikvMR766	4640	4660	1631	10	0.00669915	0.00276831
zikvMR766	6190	6290	1470	10	0.00742741	0.00306776
zikvMR766	3550	3660	1145	10	0.00951557	0.00392478
zikvMR766	1850	1970	1482	10	0.00736772	0.00304323
zikvMR766	9640	9660	1543	10	0.00707851	0.00292434
zikvMR766	810	3070	1586	1	0.00125945	0.00147345
zikvMR766	2060	2180	1333	10	0.00818452	0.00337877
zikvMR766	1950	1980	1455	9	0.00682594	0.00297249
zikvMR766	10080	10090	1352	19	0.0145773	0.0043479
zikvMR766	5850	5890	1106	10	0.00984781	0.00406091
zikvMR766	4260	4360	1712	10	0.00638421	0.00263872
zikvMR766	4260	4320	1753	10	0.00623583	0.00257765
zikvMR766	5120	5160	1067	10	0.0102041	0.00420683
zikvMR766	280	490	952	2	0.00314136	0.00279977
zikvMR766	7160	7190	1316	10	0.00828937	0.00342182
zikvMR766	6830	7520	1215	1	0.00164339	0.00192161
zikvMR766	4360	4370	1462	2	0.00204778	0.00182728
zikvMR766	9990	10110	1511	10	0.00722733	0.00298552
zikvMR766	6920	9910	1134	1	0.00176056	0.00205829
zikvMR766	1670	1690	1354	10	0.00805861	0.00332707
zikvMR766	700	760	1825	20	0.0113759	0.00331325
zikvMR766	700	720	1703	20	0.012181	0.00354602
zikvMR766	3000	3130	1121	10	0.00971731	0.00400746
zikvMR766	6870	6940	948	10	0.0114703	0.00472486
zikvMR766	9670	9720	1545	1	0.00129282	0.00151243
zikvMR766	6870	6900	867	20	0.0236486	0.00683762
zikvMR766	6380	6500	1309	10	0.00833333	0.00343986
zikvMR766	2740	2870	763	10	0.0142119	0.00584345
zikvMR766	730	870	1860	4	0.00268097	0.00174247
zikvMR766	5540	5610	1248	10	0.00873709	0.00360556
zikvMR766	6940	7080	1058	4	0.00470367	0.00305181
zikvMR766	5880	5950	1098	10	0.00991885	0.00409001
zikvMR766	6940	7040	997	2	0.003	0.00267419
zikvMR766	5880	5910	1124	10	0.00969163	0.00399693
zikvMR766	4640	9970	1567	1	0.0012747	0.00149126
zikvMR766	3690	3820	1478	20	0.0140093	0.00407387
zikvMR766	660	810	1669	1	0.00119689	0.00140038
zikvMR766	500	630	1157	5	0.00515907	0.00300506
zikvMR766	7210	10390	1135	1	0.00175901	0.00205649
zikvMR766	6120	6160	1755	10	0.00622877	0.00257474
zikvMR766	5540	9030	1218	2	0.002457	0.00219146
zikvMR766	10140	10160	1230	10	0.00886382	0.00365755
zikvMR766	420	9030	1088	2	0.00274977	0.00245181
zikvMR766	9900	10040	1544	3	0.00258398	0.00192286
zikvMR766	260	10030	1196	1	0.00166945	0.00195202
zikvMR766	8130	8280	1290	1	0.00154799	0.0018103
zikvMR766	9470	9620	1322	1	0.00151057	0.00176664
zikvMR766	1340	1360	1461	1	0.00136705	0.0015991
zikvMR766	1970	3220	1355	3	0.00294334	0.00218954
zikvMR766	1700	1840	1561	10	0.00699746	0.00289101
zikvMR766	10050	10170	1303	1	0.00153257	0.00179231
zikvMR766	8730	8780	1248	10	0.00873709	0.00360556
zikvMR766	8240	8380	1418	3	0.00281294	0.00209279
zikvMR766	3740	3870	1686	10	0.00648203	0.00267897
zikvMR766	1700	1800	1584	20	0.0130841	0.0038069
zikvMR766	8730	8740	1212	9	0.00818331	0.00356029
zikvMR766	3740	3830	1631	10	0.00669915	0.00276831
zikvMR766	5290	5420	1331	8	0.00671642	0.00310136
zikvMR766	2490	2600	865	10	0.0125571	0.00516878
zikvMR766	8090	8200	1143	7	0.00695048	0.00342823
zikvMR766	6150	6220	1808	10	0.00604728	0.00250002
zikvMR766	5310	5370	1294	10	0.00842912	0.00347918
zikvMR766	4540	6960	1277	1	0.00156372	0.00182866
zikvMR766	9800	9920	1568	10	0.00696643	0.00287825
zikvMR766	6410	6460	1333	10	0.00818452	0.00337877
zikvMR766	5310	5330	1291	10	0.00844854	0.00348715
zikvMR766	1950	2010	1484	6	0.00469484	0.00250251
zikvMR766	6410	6420	1302	1	0.00153374	0.00179368
zikvMR766	760	860	1975	3	0.00202122	0.00150489
zikvMR766	5420	5470	1643	10	0.00665054	0.00274831
zikvMR766	1030	1120	1589	2	0.00188442	0.00168181
zikvMR766	4170	4280	1588	10	0.0068793	0.00284241
zikvMR766	400	2870	1046	14	0.0141376	0.0049146
zikvMR766	6570	6710	1432	10	0.00762301	0.00314814
zikvMR766	950	1080	1947	10	0.00561798	0.0023232
zikvMR766	9130	9240	1087	6	0.00639854	0.00340625
zikvMR766	7670	7800	850	10	0.0127758	0.00525804
zikvMR766	3180	3210	1074	1	0.00185874	0.00217278
zikvMR766	6830	6910	1052	10	0.0103481	0.00426578
zikvMR766	300	460	1019	12	0.0125969	0.00473435
zikvMR766	8870	8940	1073	7	0.00740056	0.00364902
zikvMR766	610	650	1158	10	0.00940975	0.00388141
zikvMR766	8870	8900	1040	10	0.0104662	0.00431415
zikvMR766	6680	6810	1236	10	0.00882117	0.00364006
zikvMR766	2950	4710	1386	1	0.00144092	0.00168534
zikvMR766	230	480	847	20	0.0241935	0.0069929
zikvMR766	6700	6760	1540	10	0.0070922	0.00292996
zikvMR766	9090	9200	956	10	0.0113754	0.00468606
zikvMR766	3750	3880	1807	10	0.00605061	0.00250139
zikvMR766	3750	3840	1700	8	0.00526624	0.0024342
zikvMR766	5790	5870	984	6	0.00706357	0.00375839
zikvMR766	2910	2990	1218	10	0.00895037	0.00369305
zikvMR766	9690	9780	1689	2	0.00177305	0.0015826
zikvMR766	6310	6330	1596	10	0.00684505	0.00282833
zikvMR766	5790	5830	917	10	0.0118534	0.00488145
zikvMR766	1810	1820	1769	3	0.00225606	0.00167937
zikvMR766	5060	5140	1203	10	0.00906096	0.0037384
zikvMR766	5560	5670	1196	10	0.0091135	0.00375995
zikvMR766	5060	5100	1283	10	0.00850077	0.00350859
zikvMR766	4620	6220	1585	10	0.00689223	0.00284773
zikvMR766	7260	7320	1552	6	0.00449006	0.00239373
zikvMR766	10010	10200	1317	2	0.00227273	0.00202751
zikvMR766	980	1100	1843	5	0.003245	0.00189303
zikvMR766	4070	4110	1042	7	0.00761905	0.00375616
zikvMR766	3470	3550	1130	10	0.00964067	0.00397604
zikvMR766	260	280	704	10	0.0153846	0.00632067
zikvMR766	7720	7850	965	7	0.00822199	0.00405163
zikvMR766	3470	3510	1179	10	0.0092437	0.00381333
zikvMR766	10570	10620	1405	9	0.00706714	0.00307702
zikvMR766	8820	8940	1172	10	0.00929839	0.00383576
zikvMR766	7720	7810	950	7	0.00835073	0.0041147
zikvMR766	9920	10030	1547	10	0.00706033	0.00291686
zikvMR766	2120	8200	1323	1	0.00150943	0.00176531
zikvMR766	320	440	1036	10	0.0105062	0.00433051
zikvMR766	7830	7910	887	9	0.0111483	0.00484044
zikvMR766	4300	4440	1344	10	0.00811808	0.00335149
zikvMR766	10080	10480	1218	2	0.002457	0.00219146
zikvMR766	4640	4700	1663	10	0.00657109	0.00271563
zikvMR766	270	290	758	10	0.0143043	0.00588108
zikvMR766	7980	8110	754	3	0.00527704	0.00391693
zikvMR766	6190	6330	1614	3	0.00247219	0.00183987
zikvMR766	2210	2320	994	10	0.0109453	0.00451017
zikvMR766	9640	9700	1515	10	0.00720839	0.00297774
zikvMR766	8300	8320	1210	10	0.00900901	0.0037171
zikvMR766	7780	7820	913	1	0.00218579	0.00255394
zikvMR766	5350	5480	1551	10	0.00704225	0.00290943
zikvMR766	6690	6820	1262	10	0.00864101	0.00356613
zikvMR766	5350	5440	1425	10	0.00766017	0.00316341
zikvMR766	4750	4880	1450	10	0.00752909	0.00310955
zikvMR766	4410	4500	1062	10	0.0102516	0.0042263
zikvMR766	1160	7970	1051	1	0.00189934	0.00222011
zikvMR766	6210	6280	1544	10	0.00707395	0.00292246
zikvMR766	5850	5970	1041	10	0.0104563	0.00431008
zikvMR766	4510	4590	1431	20	0.0144628	0.00420461
zikvMR766	10080	10130	1348	11	0.00882353	0.00347193
zikvMR766	9590	9690	1615	6	0.00431566	0.00230106
zikvMR766	6210	6240	1677	10	0.00651659	0.0026932
zikvMR766	4510	4550	1452	20	0.0142566	0.00414517
zikvMR766	9590	9650	1575	20	0.0131579	0.0038282
zikvMR766	5100	8610	1434	1	0.00139276	0.00162911
zikvMR766	4070	9770	1405	1	0.00142146	0.00166263
zikvMR766	3910	3950	2419	29	0.0122499	0.00295983
zikvMR766	1330	1700	1426	3	0.0027972	0.00208112
zikvMR766	9590	9610	1733	25	0.0147811	0.00384177
zikvMR766	5120	5200	1149	10	0.00948276	0.00391133
zikvMR766	7160	7230	1302	10	0.00837776	0.0034581
zikvMR766	4360	4410	1248	10	0.00873709	0.00360556
zikvMR766	6320	6380	1464	10	0.00745763	0.00308018
zikvMR766	6320	6340	1600	10	0.00682806	0.00282134
zikvMR766	4620	4650	1585	10	0.00689223	0.00284773
zikvMR766	6380	9580	1512	1	0.001321	0.00154534
zikvMR766	4470	4550	1308	10	0.00833965	0.00344246
zikvMR766	3740	6950	1229	1	0.0016247	0.00189981
zikvMR766	1670	1730	1437	10	0.00759669	0.00313733
zikvMR766	700	840	1794	1	0.00111359	0.00130307
zikvMR766	4470	4510	1208	10	0.00902379	0.00372316
zikvMR766	9820	9940	1580	1	0.00126422	0.00147903
zikvMR766	1280	1380	1413	2	0.00211864	0.00189037
zikvMR766	5180	5290	1123	10	0.00970018	0.00400043
zikvMR766	1280	1340	1400	10	0.00779589	0.00321918
zikvMR766	650	690	1444	10	0.00756014	0.00312231
zikvMR766	1280	1300	1314	5	0.00454545	0.00264894
zikvMR766	10460	10570	1159	10	0.00940171	0.00387812
zikvMR766	4700	4840	1495	6	0.00466045	0.00248425
zikvMR766	4700	4800	1602	10	0.00681959	0.00281786
zikvMR766	420	490	1131	10	0.00963222	0.00397258
zikvMR766	6610	6990	1041	1	0.00191755	0.00224134
zikvMR766	710	850	1762	10	0.00620417	0.00256462
zikvMR766	2760	3270	903	1	0.00220994	0.00258207
zikvMR766	420	450	1101	10	0.00989209	0.00407905
zikvMR766	9300	9360	1210	8	0.0073831	0.00340761
zikvMR766	3210	3320	1134	10	0.00960699	0.00396224
zikvMR766	710	810	1838	10	0.00594916	0.00245962
zikvMR766	9300	9320	1214	10	0.00897959	0.00370504
zikvMR766	2910	3060	1140	1	0.00175131	0.00204751
zikvMR766	2910	3020	1275	10	0.00855365	0.00353029
zikvMR766	7210	7240	1568	5	0.00381194	0.00222277
zikvMR766	3320	3460	1224	3	0.00325733	0.0024224
zikvMR766	2180	2680	990	10	0.010989	0.00452806
zikvMR766	6120	6200	1641	9	0.00605694	0.002639
zikvMR766	930	2140	1594	12	0.00808961	0.00304916
zikvMR766	10140	10200	1101	1	0.00181324	0.00211972
zikvMR766	8420	8470	1464	10	0.00745763	0.00308018
zikvMR766	430	460	1126	10	0.00967458	0.00398994
zikvMR766	1570	1680	1344	10	0.00811808	0.00335149
zikvMR766	8420	8430	1396	3	0.00285714	0.00212559
zikvMR766	8300	9010	1117	10	0.00975177	0.00402157
zikvMR766	1080	1200	1722	10	0.00634737	0.00262356
zikvMR766	6330	6390	1438	20	0.0143934	0.00418461
zikvMR766	1340	1480	1313	8	0.00680787	0.00314338
zikvMR766	6330	6350	1588	10	0.0068793	0.00284241
zikvMR766	1100	1110	1695	2	0.00176678	0.00157702
zikvMR766	4510	6360	1408	1	0.00141844	0.0016591
zikvMR766	8240	8420	1566	10	0.00697527	0.00288189
zikvMR766	6600	10640	1406	1	0.00142045	0.00166145
zikvMR766	2780	9440	986	1	0.00202429	0.00236576
zikvMR766	9100	9220	1045	10	0.0104167	0.00429386
zikvMR766	9440	9560	1264	10	0.00862745	0.00356057
zikvMR766	9440	9520	1115	2	0.00268336	0.00239277
zikvMR766	6410	6540	1310	7	0.0060698	0.00299576
zikvMR766	5310	5410	1392	1	0.00143472	0.0016781
zikvMR766	6510	6550	1364	7	0.0058309	0.00287835
zikvMR766	5910	5990	1072	10	0.010157	0.00418755
zikvMR766	5910	5950	1124	10	0.00969163	0.00399693
zikvMR766	5420	5550	1445	20	0.0143247	0.0041648
zikvMR766	760	900	1898	10	0.00576218	0.00238261
zikvMR766	1860	1980	1406	10	0.00776288	0.00320561
zikvMR766	10130	10190	1197	29	0.0244499	0.00586672
zikvMR766	8860	9200	1035	2	0.00289017	0.0025766
zikvMR766	8710	8730	1346	10	0.00810612	0.00334658
zikvMR766	5420	5510	1551	10	0.00704225	0.00290943
zikvMR766	10130	10150	1266	40	0.0313695	0.00638277
zikvMR766	450	480	1136	5	0.00525394	0.00306009
zikvMR766	8320	8340	1113	1	0.00179372	0.00209696
zikvMR766	9760	9770	1813	3	0.00220143	0.00163878
zikvMR766	6980	7580	1088	1	0.00183486	0.00214494
zikvMR766	3970	4070	1648	10	0.0066305	0.00274007
zikvMR766	8770	8780	1266	7	0.00627943	0.00309875
zikvMR766	8140	8370	1160	10	0.00939368	0.00387482
zikvMR766	1840	1890	1601	30	0.0189951	0.00449506
zikvMR766	6340	6360	1529	10	0.00714286	0.00295079
zikvMR766	1840	1850	1594	10	0.00685358	0.00283183
zikvMR766	250	390	920	2	0.00325027	0.00289649
zikvMR766	8420	9160	1272	3	0.0031348	0.00233154
zikvMR766	6700	6840	1370	4	0.00363636	0.00236149
zikvMR766	8740	8870	1148	10	0.00949094	0.00391468
zikvMR766	6700	6800	1380	21	0.0156919	0.00444851
zikvMR766	5320	8610	1435	1	0.00139179	0.00162798
zikvMR766	7490	7640	1072	1	0.0018622	0.00217681
zikvMR766	8590	8730	1332	9	0.00745156	0.00324355
zikvMR766	7490	7600	1075	5	0.00555042	0.003232
zikvMR766	7410	7540	1111	20	0.0185512	0.00538012
zikvMR766	6310	6410	1398	8	0.00639659	0.00295433
zikvMR766	5710	5850	1132	2	0.00264317	0.00235703
zikvMR766	9940	9970	1469	10	0.00743243	0.00306983
zikvMR766	9690	9820	1616	6	0.004313	0.00229965
zikvMR766	8930	10500	995	1	0.00200602	0.00234446
zikvMR766	7410	7500	1072	10	0.010157	0.00418755
zikvMR766	8730	9590	1451	2	0.00206327	0.00184107
zikvMR766	7510	7590	1164	4	0.00427716	0.0027761
zikvMR766	620	740	1496	14	0.0099272	0.00346006
zikvMR766	5560	5710	1280	1	0.00156006	0.00182439
zikvMR766	620	700	1426	1	0.00140056	0.00163822
zikvMR766	8610	8640	1559	10	0.00700637	0.00289467
zikvMR766	4600	9480	1231	2	0.00243112	0.00216844
zikvMR766	4070	4230	1210	1	0.00165017	0.00192952
zikvMR766	260	360	919	10	0.011828	0.00487102
zikvMR766	6030	6160	1359	10	0.0080292	0.00331499
zikvMR766	260	320	805	10	0.0134804	0.0055454
zikvMR766	3570	3680	1140	9	0.00869565	0.00378187
zikvMR766	9170	9280	1120	10	0.00972591	0.00401097
zikvMR766	2930	3040	1205	5	0.00495458	0.00288642
zikvMR766	7710	9770	1390	1	0.00143678	0.00168051
zikvMR766	1910	6450	1449	1	0.00137836	0.0016123
zikvMR766	4540	4580	1494	10	0.00730897	0.00301908
zikvMR766	4510	8980	1183	1	0.00168776	0.00197338
zikvMR766	1250	1360	1302	16	0.0128886	0.00419404
zikvMR766	10	140	67	8	0.118421	0.0503581
zikvMR766	6090	6130	1657	10	0.00659472	0.00272535
zikvMR766	3050	3060	1243	1	0.00160643	0.00187849
zikvMR766	10	100	11	10	0.5	0.13287
zikvMR766	10100	10230	1346	10	0.00810612	0.00334658
zikvMR766	8410	8540	1334	10	0.00817844	0.00337627
zikvMR766	3010	9530	1351	1	0.0014782	0.00172885
zikvMR766	4260	4290	1816	10	0.0060208	0.00248912
zikvMR766	8020	8150	978	5	0.00609756	0.00354905
zikvMR766	7760	7890	790	10	0.0137328	0.00564829
zikvMR766	3470	8980	1124	2	0.00266193	0.00237372
zikvMR766	7760	7850	862	4	0.00576701	0.00373832
zikvMR766	1430	1560	1319	3	0.00302343	0.00224895
zikvMR766	1670	1810	1619	1	0.00123381	0.0014435
zikvMR766	3630	3740	1321	2	0.00226586	0.0020214
zikvMR766	9330	9390	1226	10	0.00889248	0.0036693
zikvMR766	650	730	1505	9	0.00660066	0.00287483
zikvMR766	10460	10610	1174	1	0.00170068	0.00198845
zikvMR766	6380	6470	1368	4	0.00364166	0.00236492
zikvMR766	4680	4740	1711	10	0.00638792	0.00264025
zikvMR766	5540	5580	1414	10	0.0077193	0.0031877
zikvMR766	4680	4700	1676	10	0.00652045	0.00269478
zikvMR766	8610	10130	1470	1	0.0013587	0.00158935
zikvMR766	890	940	1921	10	0.00569358	0.00235435
zikvMR766	2010	2070	1391	10	0.00784593	0.00323972
zikvMR766	9300	9440	1054	5	0.00566038	0.00329574
zikvMR766	4800	4930	1333	10	0.00818452	0.00337877
zikvMR766	3690	3790	1346	10	0.00810612	0.00334658
zikvMR766	890	900	1846	9	0.00538793	0.00234858
zikvMR766	2010	2030	1441	10	0.00757576	0.00312873
zikvMR766	9300	9400	1120	10	0.00972591	0.00401097
zikvMR766	3690	3750	1401	3	0.00284698	0.00211805
zikvMR766	9050	9060	1109	1	0.00180018	0.0021045
zikvMR766	660	780	1738	10	0.00628931	0.00259966
zikvMR766	8800	8850	1188	3	0.0033557	0.00249533
zikvMR766	7790	7910	852	10	0.0127462	0.00524596
zikvMR766	5230	5690	1042	7	0.00761905	0.00375616
zikvMR766	410	3610	1224	1	0.00163132	0.00190754
zikvMR766	1720	1820	1631	2	0.00183599	0.00163867
zikvMR766	8910	8950	1005	21	0.0214216	0.00605233
zikvMR766	8420	8550	1423	10	0.00767085	0.0031678
zikvMR766	7570	9330	1195	7	0.00665004	0.00328075
zikvMR766	590	720	1495	10	0.00730412	0.00301709
zikvMR766	8420	8510	1402	17	0.0126761	0.00400205
zikvMR766	6330	6470	1534	5	0.0038961	0.00227169
zikvMR766	6330	6430	1549	10	0.00705128	0.00291314
zikvMR766	9470	9590	1250	10	0.00872324	0.00359988
zikvMR766	10620	10760	984	9	0.0100604	0.00437133
zikvMR766	9470	9550	1125	10	0.0096831	0.00399343
zikvMR766	8480	8830	1381	10	0.0079023	0.00326288
zikvMR766	6670	6730	1379	16	0.0121777	0.00396443
zikvMR766	510	530	1136	1	0.00175747	0.00205469
zikvMR766	5290	5660	1071	20	0.0192308	0.00557493
zikvMR766	1700	1770	1413	10	0.00772472	0.00318993
zikvMR766	3940	4050	1936	10	0.00564972	0.00233628
zikvMR766	6050	6180	1391	5	0.00429492	0.00250343
zikvMR766	8800	9040	1171	10	0.00930626	0.00383898
zikvMR766	6050	6140	1502	6	0.00463883	0.00247276
zikvMR766	3010	3070	1261	10	0.0086478	0.00356892
zikvMR766	3010	3030	1368	10	0.00797679	0.00329347
zikvMR766	1160	1280	1426	2	0.00209937	0.00187321
zikvMR766	9800	9890	1694	10	0.00645161	0.00266646
zikvMR766	1910	8720	1392	2	0.00215054	0.00191876
zikvMR766	810	940	2030	10	0.00538951	0.00222907
zikvMR766	10	80	8	6	0.466667	0.158083
zikvMR766	10130	10230	1313	1	0.00152091	0.0017787
zikvMR766	1030	1090	1762	10	0.00620417	0.00256462
zikvMR766	1730	1870	1420	6	0.0049054	0.00261433
zikvMR766	9760	9810	1770	5	0.00337838	0.00197064
zikvMR766	7670	7770	837	10	0.0129717	0.00533795
zikvMR766	5240	5390	1256	1	0.00158983	0.00185912
zikvMR766	6830	6880	1049	10	0.0103774	0.00427778
zikvMR766	10590	10610	1498	13	0.00925926	0.00335058
zikvMR766	6830	6840	1187	8	0.00752508	0.00347279
zikvMR766	1840	1930	1641	10	0.0066586	0.00275162
zikvMR766	6680	6780	1285	10	0.00848765	0.00350321
zikvMR766	6340	6400	1428	10	0.0076442	0.00315685
zikvMR766	2050	2180	1357	10	0.00804094	0.00331982
zikvMR766	6440	6490	1395	20	0.0148305	0.00431057
zikvMR766	6440	6450	1449	16	0.0115962	0.00377647
zikvMR766	6980	7040	986	9	0.0100402	0.00436261
zikvMR766	920	1020	1786	6	0.00390407	0.00208225
zikvMR766	9090	9170	1052	10	0.0103481	0.00426578
zikvMR766	4590	4660	1547	2	0.00193548	0.00172729
zikvMR766	1060	1190	1655	10	0.00660264	0.0027286
zikvMR766	4590	4620	1477	10	0.00739247	0.0030534
zikvMR766	2890	2930	1051	3	0.00379147	0.0028182
zikvMR766	1060	1150	1596	10	0.00684505	0.00282833
zikvMR766	7510	7630	1152	10	0.0094583	0.00390131
zikvMR766	3020	3040	1387	20	0.0149148	0.00433484
zikvMR766	5060	5070	1290	5	0.00462963	0.00269781
zikvMR766	7260	7290	1636	16	0.0102843	0.00335193
zikvMR766	700	8950	1375	1	0.00145243	0.00169878
zikvMR766	910	950	1947	9	0.00510986	0.00222779
zikvMR766	4070	4080	994	4	0.00500501	0.00324649
zikvMR766	3470	3480	1259	7	0.00631413	0.00311579
zikvMR766	10570	10590	1483	10	0.00736278	0.0030412
zikvMR766	6410	7310	1328	2	0.00225394	0.00201079
zikvMR766	5530	5650	1258	10	0.00866824	0.00357731
zikvMR766	5530	5610	1309	10	0.00833333	0.00343986
zikvMR766	3100	3230	1146	6	0.00607112	0.00323276
zikvMR766	890	4880	1544	1	0.00129366	0.00151341
zikvMR766	6730	6790	1348	3	0.00295858	0.00220085
zikvMR766	10470	10590	1301	10	0.00838415	0.00346072
zikvMR766	9040	9170	1125	20	0.0183246	0.00531511
zikvMR766	6730	6750	1538	10	0.00710136	0.00293373
zikvMR766	270	490	909	10	0.0119565	0.00492354
zikvMR766	10470	10550	1246	8	0.00717131	0.00331035
zikvMR766	9040	9130	1081	11	0.010979	0.00431398
zikvMR766	8930	8970	1024	20	0.0200957	0.00582268
zikvMR766	7830	7840	964	4	0.00515996	0.00334655
zikvMR766	4540	4620	1489	10	0.00733333	0.0030291
zikvMR766	4640	4670	1707	9	0.00582411	0.00253796
zikvMR766	3550	3670	1121	14	0.0132042	0.00459282
zikvMR766	3050	3100	1164	1	0.00171527	0.00200546
zikvMR766	1850	1980	1459	10	0.00748299	0.00309061
zikvMR766	2210	2290	1075	3	0.00370714	0.00275574
zikvMR766	9640	9670	1589	10	0.006875	0.00284064
zikvMR766	7980	8000	507	6	0.0136187	0.00721024
zikvMR766	6690	6790	1262	4	0.00394633	0.00256211
zikvMR766	2060	2190	1310	10	0.00832702	0.00343727
zikvMR766	1950	1990	1444	10	0.00756014	0.00312231
zikvMR766	4930	7080	1113	2	0.00268817	0.00239705
zikvMR766	4260	4370	1645	1	0.00121433	0.00142075
zikvMR766	8510	8670	1396	8	0.00640569	0.00295852
zikvMR766	4260	4330	1733	10	0.00630734	0.00260708
zikvMR766	5120	5170	1068	10	0.0101946	0.00420296
zikvMR766	5120	5130	1083	2	0.00276243	0.00246306
zikvMR766	4360	4380	1434	10	0.00761246	0.00314381
zikvMR766	9990	10120	1518	3	0.00262812	0.00195563
zikvMR766	4470	4480	1071	8	0.00833333	0.00384362
zikvMR766	700	770	1933	20	0.0107472	0.00313128
zikvMR766	8710	10250	1363	1	0.0014652	0.00171368
zikvMR766	700	730	1752	20	0.0118443	0.00344871
zikvMR766	3000	3140	1144	10	0.00952381	0.00392816
zikvMR766	8080	8200	1139	10	0.00956522	0.00394513
zikvMR766	6870	6910	901	20	0.0227766	0.00658891
zikvMR766	6380	6510	1369	10	0.00797101	0.0032911
zikvMR766	2740	2880	823	8	0.0108173	0.00498061
zikvMR766	2740	2840	800	5	0.00744417	0.00432818
zikvMR766	5540	5620	1251	10	0.00871632	0.00359704
zikvMR766	2010	2150	1394	3	0.00286123	0.00212863
zikvMR766	730	840	1858	9	0.00535332	0.00233355
zikvMR766	5880	5960	1079	1	0.00185014	0.00216275
zikvMR766	6940	7050	998	10	0.0109019	0.00449242
zikvMR766	5880	5920	1132	10	0.0096238	0.00396913
zikvMR766	3690	3830	1546	13	0.00897436	0.00324807
zikvMR766	3710	6620	1209	1	0.00165153	0.00193111
zikvMR766	9050	9100	1066	10	0.0102136	0.00421071
zikvMR766	3560	3680	1120	6	0.00621118	0.00330698
zikvMR766	4470	8980	1040	1	0.00191939	0.00224348
zikvMR766	510	7780	1042	3	0.00382409	0.00284237
zikvMR766	6120	6170	1697	10	0.00644028	0.0026618
zikvMR766	7980	9000	757	4	0.00656168	0.00425054
zikvMR766	6120	6130	1773	9	0.00560852	0.00244437
zikvMR766	7660	7840	919	1	0.00217155	0.00253735
zikvMR766	10140	10170	1161	10	0.00938567	0.00387154
zikvMR766	4540	9040	1313	1	0.00152091	0.0017787
zikvMR766	1840	7660	1275	2	0.00234742	0.00209397
zikvMR766	8130	8250	1426	2	0.00209937	0.00187321
zikvMR766	6970	7110	996	3	0.004	0.00297262
zikvMR766	8730	8790	1234	6	0.00564061	0.00300449
zikvMR766	8240	8390	1411	5	0.0042343	0.00246822
zikvMR766	6200	6320	1585	7	0.00502197	0.00248048
zikvMR766	3740	3880	1755	6	0.00397276	0.00211877
zikvMR766	1700	1810	1622	20	0.0127815	0.00371952
zikvMR766	8930	9000	972	10	0.0111902	0.00461035
zikvMR766	8730	8750	1236	10	0.00882117	0.00364006
zikvMR766	3740	3840	1647	10	0.0066345	0.00274171
zikvMR766	5290	5430	1315	5	0.00454201	0.00264694
zikvMR766	2490	2610	874	10	0.0124294	0.00511665
zikvMR766	8090	8210	1157	10	0.00941781	0.00388471
zikvMR766	6150	6230	1782	10	0.00613497	0.00253612
zikvMR766	5310	5380	1319	10	0.00827068	0.00341414
zikvMR766	9800	9930	1622	10	0.00673607	0.0027835
zikvMR766	6410	6470	1336	10	0.0081663	0.00337129
zikvMR766	5310	5340	1272	10	0.00857366	0.0035385
zikvMR766	1950	2020	1512	4	0.00329598	0.00214106
zikvMR766	6410	6430	1351	10	0.00807636	0.00333436
zikvMR766	2360	2460	759	8	0.0117188	0.00539223
zikvMR766	1910	1920	1507	2	0.00198675	0.00177294
zikvMR766	760	870	1933	10	0.00565844	0.00233987
zikvMR766	8860	9170	1130	10	0.00964067	0.00397604
zikvMR766	5420	5480	1625	10	0.00672372	0.00277842
zikvMR766	4170	4290	1585	8	0.00564617	0.00260912
zikvMR766	4170	4250	1576	6	0.00442198	0.00235756
zikvMR766	400	2880	1106	10	0.00984781	0.00406091
zikvMR766	3590	10110	1342	2	0.00223048	0.00198992
zikvMR766	8770	8980	1139	2	0.00262697	0.00234263
zikvMR766	6570	6720	1428	1	0.0013986	0.00163594
zikvMR766	950	1090	1899	4	0.00262605	0.00170686
zikvMR766	9130	9250	1050	7	0.00756144	0.00372791
zikvMR766	7670	7810	875	3	0.00455063	0.00338006
zikvMR766	3180	3220	1124	12	0.0114336	0.00430035
zikvMR766	6830	6920	1050	10	0.0103676	0.00427377
zikvMR766	300	470	1018	16	0.0164251	0.00533331
zikvMR766	180	8900	592	9	0.0166113	0.00718545
zikvMR766	610	660	1193	10	0.00913621	0.00376927
zikvMR766	8870	8910	1023	10	0.0106383	0.00438457
zikvMR766	6680	6820	1243	6	0.0056	0.00298295
zikvMR766	610	620	1143	3	0.00348736	0.0025929
zikvMR766	1670	7970	1008	1	0.0019802	0.00231437
zikvMR766	7160	9160	1166	3	0.0034188	0.0025421
zikvMR766	230	490	803	20	0.0254854	0.00736062
zikvMR766	6700	6770	1464	10	0.00745763	0.00308018
zikvMR766	3410	3550	1160	3	0.00343643	0.00255516
zikvMR766	9090	9210	942	10	0.0115425	0.00475437
zikvMR766	3750	3890	1867	6	0.00373533	0.0019925
zikvMR766	3750	3850	1698	2	0.00176367	0.00157425
zikvMR766	10380	10490	910	3	0.00437637	0.00325116
zikvMR766	9690	9790	1688	10	0.0064744	0.00267583
zikvMR766	6310	6340	1566	10	0.00697527	0.00288189
zikvMR766	5790	5840	936	10	0.0116156	0.00478425
zikvMR766	1810	1830	1757	10	0.00622172	0.00257184
zikvMR766	5790	5800	892	9	0.0110865	0.00481381
zikvMR766	5060	5150	1187	10	0.00918197	0.00378802
zikvMR766	5560	5680	1199	10	0.00909091	0.00375069
zikvMR766	5060	5110	1207	10	0.0090312	0.0037262
zikvMR766	4620	6230	1559	5	0.00383387	0.00223551
zikvMR766	1030	10330	1355	1	0.00147384	0.00172376
zikvMR766	270	7830	825	1	0.00241838	0.00282479
zikvMR766	980	1110	1819	10	0.00601093	0.00248505
zikvMR766	1920	1930	1559	9	0.00637349	0.00277632
zikvMR766	3470	3560	1133	6	0.00614035	0.00326944
zikvMR766	260	290	724	10	0.014966	0.0061504
zikvMR766	8300	8990	1113	4	0.00447227	0.00290226
zikvMR766	3470	3520	1180	10	0.00923594	0.00381015
zikvMR766	8820	8950	1180	8	0.00756939	0.00349314
zikvMR766	7720	7820	955	10	0.0113872	0.00469087
zikvMR766	8320	9500	1162	1	0.00171821	0.0020089
zikvMR766	9920	10040	1479	10	0.00738255	0.00304933
zikvMR766	320	450	1022	10	0.0106486	0.00438879
zikvMR766	7830	7920	841	3	0.00473373	0.00351546
zikvMR766	4300	4450	1361	1	0.00146735	0.00171619
zikvMR766	320	410	1074	1	0.00185874	0.00217278
zikvMR766	4640	4710	1672	10	0.00653595	0.00270116
zikvMR766	7980	8120	813	10	0.0133495	0.00549204
zikvMR766	2210	2330	964	10	0.0112821	0.0046479
zikvMR766	9640	9710	1573	10	0.00694444	0.00286921
zikvMR766	8300	8330	1241	10	0.00878594	0.0036256
zikvMR766	7780	7830	917	1	0.00217628	0.00254285
zikvMR766	6190	6300	1545	10	0.00706941	0.00292059
zikvMR766	5350	5490	1564	5	0.00382166	0.00222842
zikvMR766	6690	6830	1273	2	0.0023511	0.00209724
zikvMR766	5350	5450	1491	10	0.00732357	0.00302508
zikvMR766	4750	4890	1440	10	0.00758098	0.00313087
zikvMR766	4410	4510	1160	10	0.00939368	0.00387482
zikvMR766	6210	6290	1508	10	0.00724161	0.00299139
zikvMR766	5850	5980	1033	2	0.00289575	0.00258156
zikvMR766	5350	5410	1492	7	0.00533333	0.00263368
zikvMR766	4750	4850	1470	6	0.00473934	0.00252614
zikvMR766	10080	10140	1281	17	0.0138568	0.00437171
zikvMR766	6210	6250	1679	10	0.00650888	0.00269002
zikvMR766	5850	5940	1081	7	0.00734619	0.00362236
zikvMR766	4510	4560	1473	20	0.0140562	0.00408739
zikvMR766	10080	10100	1381	17	0.0128663	0.00406165
zikvMR766	9590	9660	1596	24	0.0154226	0.00408983
zikvMR766	5850	5900	1102	10	0.0098832	0.00407541
zikvMR766	4510	4520	1388	7	0.00573066	0.00282907
zikvMR766	3910	3960	2396	20	0.00868846	0.00253453
zikvMR766	1330	1710	1488	7	0.00534759	0.00264069
zikvMR766	9590	9620	1747	20	0.0118778	0.00345839
zikvMR766	5360	8150	1351	1	0.0014782	0.00172885
zikvMR766	5120	5210	1053	10	0.0103383	0.0042618
zikvMR766	3910	3920	2419	24	0.0102291	0.00272076
zikvMR766	7160	7240	1396	10	0.00781805	0.00322827
zikvMR766	4360	4420	1179	3	0.00338123	0.00251425
zikvMR766	7160	7200	1337	10	0.00816024	0.0033688
zikvMR766	6320	6390	1414	10	0.0077193	0.0031877
zikvMR766	6320	6350	1564	10	0.00698413	0.00288553
zikvMR766	4620	4660	1514	10	0.00721311	0.00297968
zikvMR766	3520	3530	1125	9	0.00881057	0.00383156
zikvMR766	4620	8620	1499	1	0.00133245	0.0015587
zikvMR766	1670	1740	1355	9	0.00732601	0.00318917
zikvMR766	4470	4520	1244	10	0.00876494	0.00361698
zikvMR766	1670	1700	1435	10	0.00760719	0.00314164
zikvMR766	9820	9950	1572	14	0.0094518	0.00329533
zikvMR766	1280	1390	1370	11	0.00868307	0.00341698
zikvMR766	2010	2500	1157	1	0.00172563	0.00201755
zikvMR766	1280	1350	1414	2	0.00211715	0.00188904
zikvMR766	5180	5260	1031	9	0.00960615	0.00417526
zikvMR766	10460	10580	1163	10	0.00936968	0.00386499
zikvMR766	650	660	1229	13	0.0112631	0.00407052
zikvMR766	7500	7630	1115	7	0.00712378	0.00351326
zikvMR766	4700	4810	1591	10	0.00686642	0.00283711
zikvMR766	420	460	1143	10	0.00953206	0.00393154
zikvMR766	9300	9370	1136	10	0.00959024	0.00395538
zikvMR766	3210	3330	1113	10	0.00978648	0.00403579
zikvMR766	710	820	1820	10	0.00600765	0.0024837
zikvMR766	9300	9330	1207	2	0.00247934	0.00221133
zikvMR766	5900	5910	1156	4	0.00430663	0.00279516
zikvMR766	2910	3030	1207	10	0.0090312	0.0037262
zikvMR766	2180	2650	942	11	0.0125786	0.00493736
zikvMR766	930	2150	1591	10	0.00686642	0.00283711
zikvMR766	590	690	1483	1	0.0013468	0.00157546
zikvMR766	8420	8480	1418	10	0.00769769	0.00317883
zikvMR766	1570	1690	1310	10	0.00832702	0.00343727
zikvMR766	8420	8440	1404	10	0.00777385	0.00321011
zikvMR766	8300	9020	1125	3	0.00354296	0.0026341
zikvMR766	1080	1210	1683	10	0.00649351	0.0026837
zikvMR766	6330	6360	1559	10	0.00700637	0.00289467
zikvMR766	1340	1450	1432	5	0.00417246	0.00243229
zikvMR766	1100	1160	1618	7	0.00492005	0.00243032
zikvMR766	1100	1120	1584	6	0.00439975	0.00234574
zikvMR766	8240	8430	1570	1	0.00127226	0.00148842
zikvMR766	9100	9230	1080	10	0.0100825	0.00415705
zikvMR766	9440	9570	1323	7	0.00601052	0.00296662
zikvMR766	9440	9530	1139	10	0.00956522	0.00394513
zikvMR766	6410	6550	1285	6	0.00541796	0.00288638
zikvMR766	5310	5420	1361	2	0.00219941	0.00196227
zikvMR766	6510	6560	1416	10	0.00770848	0.00318326
zikvMR766	6510	6520	1408	2	0.00212615	0.00189705
zikvMR766	5910	5960	1105	10	0.00985663	0.00406453
zikvMR766	5420	5560	1437	8	0.00622407	0.002875
zikvMR766	760	910	1927	1	0.00103681	0.00121335
zikvMR766	1860	1990	1395	10	0.00782361	0.00323056
zikvMR766	8710	8740	1331	10	0.00819672	0.00338378
zikvMR766	5910	5920	1159	2	0.00258176	0.00230242
zikvMR766	5420	5520	1539	10	0.00709677	0.00293184
zikvMR766	10130	10160	1298	40	0.0306199	0.00623285
zikvMR766	8320	8350	1115	1	0.00179051	0.00209322
zikvMR766	4270	4380	1627	2	0.00184049	0.00164268
zikvMR766	9760	9780	1802	8	0.00496963	0.00229757
zikvMR766	3970	4080	1677	10	0.00651659	0.0026932
zikvMR766	8770	8790	1251	8	0.00714286	0.00329728
zikvMR766	8140	8380	1172	3	0.00340136	0.00252917
zikvMR766	9600	9990	1622	1	0.00123153	0.00144084
zikvMR766	6340	6370	1502	10	0.00727032	0.0030032
zikvMR766	1840	1860	1540	30	0.0197327	0.00466765
zikvMR766	8740	8880	1168	10	0.00932994	0.00384869
zikvMR766	6700	6810	1366	30	0.0221904	0.00524169
zikvMR766	5210	5330	1230	9	0.00806452	0.0035089
zikvMR766	7490	7610	1071	10	0.0101664	0.00419138
zikvMR766	7410	7550	1097	8	0.00813743	0.00375377
zikvMR766	6310	6420	1441	10	0.00757576	0.00312873
zikvMR766	9940	9980	1492	10	0.0073187	0.00302308
zikvMR766	7410	7510	1109	10	0.00982143	0.00405011
zikvMR766	6670	7390	1151	2	0.00259965	0.00231834
zikvMR766	910	7060	1414	1	0.00141243	0.00165208
zikvMR766	600	960	1582	1	0.00126263	0.00147716
zikvMR766	6830	9030	1118	1	0.00178571	0.00208762
zikvMR766	620	750	1539	12	0.00837629	0.00315664
zikvMR766	10410	10520	879	5	0.00677966	0.00394391
zikvMR766	8890	9000	1052	5	0.00567108	0.00330195
zikvMR766	620	710	1382	10	0.00789663	0.00326055
zikvMR766	8610	8650	1563	5	0.00382409	0.00222983
zikvMR766	4070	4240	1288	10	0.00846805	0.00349516
zikvMR766	4070	4200	1233	2	0.00242718	0.00216494
zikvMR766	260	370	906	3	0.0043956	0.0032654
zikvMR766	6030	6170	1301	6	0.00535168	0.00285122
zikvMR766	260	330	808	10	0.013431	0.00552527
zikvMR766	10010	10020	1714	23	0.013809	0.00374439
zikvMR766	6030	6130	1377	10	0.00792507	0.00327223
zikvMR766	3570	3690	1168	10	0.00932994	0.00384869
zikvMR766	9170	9290	1101	10	0.00989209	0.00407905
zikvMR766	2930	3050	1195	10	0.00912106	0.00376305
zikvMR766	5530	5540	1461	1	0.00136705	0.0015991
zikvMR766	4540	4590	1521	10	0.00718016	0.00296613
zikvMR766	1250	1370	1331	16	0.0126113	0.0041045
zikvMR766	4540	4550	1542	1	0.00129534	0.00151536
zikvMR766	6090	6140	1675	9	0.00593472	0.00258596
zikvMR766	3050	3070	1202	10	0.00906843	0.00374146
zikvMR766	10	110	17	10	0.392857	0.118143
zikvMR766	270	300	794	10	0.0136646	0.00562048
zikvMR766	10100	10240	1341	2	0.00223214	0.00199139
zikvMR766	6090	6100	1507	3	0.00264725	0.00196983
zikvMR766	6340	10430	1135	1	0.00175901	0.00205649
zikvMR766	8410	8550	1383	5	0.00431965	0.0025178
zikvMR766	5610	5730	1099	5	0.00542986	0.00316211
zikvMR766	4510	4600	1418	9	0.0070028	0.00304914
zikvMR766	8410	8510	1362	1	0.00146628	0.00171493
zikvMR766	10000	10200	1299	3	0.00306984	0.00228337
zikvMR766	8020	8160	1025	8	0.00870406	0.00401357
zikvMR766	7760	7860	830	9	0.0119048	0.00516622
zikvMR766	1430	1570	1360	10	0.00802334	0.00331259
zikvMR766	8870	9410	1097	1	0.00181984	0.00212742
zikvMR766	3630	3750	1373	10	0.00794798	0.00328164
zikvMR766	5180	5300	1148	10	0.00949094	0.00391468
zikvMR766	9890	10010	1616	6	0.004313	0.00229965
zikvMR766	650	700	1441	10	0.00757576	0.00312873
zikvMR766	6870	6880	898	9	0.0110132	0.00478225
zikvMR766	6380	6480	1336	10	0.0081663	0.00337129
zikvMR766	4680	4750	1686	10	0.00648203	0.00267897
zikvMR766	1150	1280	1378	3	0.00289436	0.0021532
zikvMR766	5540	5590	1382	10	0.00789663	0.00326055
zikvMR766	4680	4710	1684	10	0.00648968	0.00268212
zikvMR766	5540	5550	1378	1	0.00144928	0.00169509
zikvMR766	2010	2080	1346	6	0.00517369	0.00275676
zikvMR766	890	950	1930	10	0.00566718	0.00234347
zikvMR766	5880	5890	1133	7	0.00701139	0.00345811
zikvMR766	4800	4940	1328	5	0.00449775	0.00262123
zikvMR766	2010	2040	1422	10	0.0076762	0.00317
zikvMR766	420	500	1155	5	0.00516796	0.00301022
zikvMR766	890	910	1875	10	0.00583245	0.00241155
zikvMR766	9300	9410	1102	10	0.0098832	0.00407541
zikvMR766	3690	3760	1422	10	0.0076762	0.00317
zikvMR766	280	3300	841	1	0.00237248	0.00277135
zikvMR766	660	790	1702	10	0.00642148	0.00265406
zikvMR766	7790	7920	806	10	0.0134639	0.00553868
zikvMR766	5230	5660	1015	14	0.0145631	0.00506117
zikvMR766	1720	1830	1619	10	0.00674847	0.0027886
zikvMR766	8910	8960	1028	20	0.0200191	0.00580074
zikvMR766	8420	8560	1383	10	0.00789096	0.00325822
zikvMR766	590	730	1544	1	0.00129366	0.00151341
zikvMR766	8910	8920	942	21	0.0228216	0.00644252
zikvMR766	8420	8520	1397	10	0.0078125	0.00322599
zikvMR766	7570	9300	1096	10	0.00993677	0.00409735
zikvMR766	6330	6440	1574	10	0.00694006	0.0028674
zikvMR766	6330	6400	1459	13	0.00950441	0.00343876
zikvMR766	9470	9560	1176	10	0.00926706	0.00382291
zikvMR766	8480	8840	1340	2	0.0022338	0.00199288
zikvMR766	5290	5670	1090	10	0.00999092	0.00411953
zikvMR766	1700	1780	1485	15	0.0106596	0.00358754
zikvMR766	3940	4060	1840	10	0.00594273	0.00245697
zikvMR766	8800	9050	1187	10	0.00918197	0.00378802
zikvMR766	6050	6150	1516	10	0.00720367	0.0029758
zikvMR766	3010	3080	1209	4	0.00411862	0.00267356
zikvMR766	3010	3040	1376	10	0.00793079	0.00327458
zikvMR766	1160	1290	1427	10	0.00764951	0.00315903
zikvMR766	8090	8100	819	1	0.00243605	0.00284536
zikvMR766	6150	6160	1841	4	0.00270856	0.00176036
zikvMR766	520	550	1110	4	0.0044843	0.00291003
zikvMR766	10	90	8	10	0.578947	0.1378
zikvMR766	810	950	2039	7	0.00390816	0.0019319
zikvMR766	10130	10200	1169	20	0.0176471	0.00512064
zikvMR766	7070	7200	1294	4	0.00384911	0.0024992
zikvMR766	9760	9820	1729	4	0.00288351	0.00187378
zikvMR766	8920	8970	999	7	0.00794439	0.00391563
zikvMR766	7670	7780	848	10	0.0128056	0.00527018
zikvMR766	7670	7740	806	10	0.0134639	0.00553868
zikvMR766	6830	6890	1013	10	0.0107422	0.00442708
zikvMR766	10590	10620	1447	10	0.00754458	0.00311592
zikvMR766	6830	6850	1076	10	0.0101196	0.00417223
zikvMR766	1840	1940	1631	3	0.00244648	0.00182078
zikvMR766	8870	8880	1119	8	0.00797872	0.00368097
zikvMR766	6680	6790	1242	10	0.00877893	0.00362272
zikvMR766	6340	6410	1426	9	0.00696379	0.00303224
zikvMR766	6310	6810	1352	2	0.00221402	0.00197526
zikvMR766	2050	2190	1334	5	0.00447761	0.00260954
zikvMR766	1840	1900	1582	30	0.0192188	0.00454744
zikvMR766	6440	6460	1450	20	0.014276	0.00415076
zikvMR766	6980	7050	987	4	0.00504032	0.0032693
zikvMR766	920	1030	1746	10	0.00626067	0.00258787
zikvMR766	9090	9180	1028	10	0.0105871	0.00436362
zikvMR766	4590	4630	1513	10	0.00721785	0.00298162
zikvMR766	2890	2940	1042	10	0.0104463	0.00430601
zikvMR766	1060	1160	1644	10	0.00664653	0.00274666
zikvMR766	4880	10110	1342	1	0.0014881	0.0017404
zikvMR766	2890	2900	992	1	0.00201207	0.00235152
zikvMR766	1060	1120	1610	1	0.00124069	0.00145155
zikvMR766	7510	7640	1163	10	0.00936968	0.00386499
zikvMR766	3020	3050	1377	10	0.00792507	0.00327223
zikvMR766	7510	7600	1166	10	0.00934579	0.00385519
zikvMR766	5060	5080	1274	10	0.00856031	0.00353302
zikvMR766	3630	9440	1105	1	0.00180668	0.00211208
zikvMR766	8910	9030	991	1	0.0020141	0.00235388
zikvMR766	910	920	1827	6	0.00381679	0.00203583
zikvMR766	8070	8280	1078	1	0.00185185	0.00216475
zikvMR766	4070	4090	983	10	0.0110664	0.00455972
zikvMR766	3470	3490	1208	16	0.0138776	0.00451313
zikvMR766	5530	5660	1268	10	0.00860047	0.0035495
zikvMR766	5530	5620	1312	10	0.00831444	0.00343211
zikvMR766	380	6700	1389	1	0.00143781	0.00168171
zikvMR766	9040	9180	1102	13	0.0125448	0.00453007
zikvMR766	6730	6760	1515	10	0.00720839	0.00297774
zikvMR766	10470	10560	1248	1	0.0016	0.001871
zikvMR766	9040	9140	1141	15	0.0138289	0.00464509
zikvMR766	8930	8980	1000	20	0.0205681	0.00595787
zikvMR766	7830	7850	960	9	0.0103093	0.00447873
zikvMR766	4540	4630	1524	10	0.00716612	0.00296036
zikvMR766	270	460	921	6	0.0075431	0.00401208
zikvMR766	10470	10520	1063	1	0.00187793	0.00219516
zikvMR766	9040	9100	1050	5	0.00568182	0.00330817
zikvMR766	8930	8940	1017	14	0.0145349	0.00505145
zikvMR766	4640	4680	1691	10	0.00646298	0.00267114
zikvMR766	3550	3680	1117	20	0.0184534	0.00535206
zikvMR766	1850	1990	1448	2	0.00206754	0.00184487
zikvMR766	9640	9680	1563	10	0.00698856	0.00288735
zikvMR766	3550	3640	1195	10	0.00912106	0.00376305
zikvMR766	810	3050	1691	13	0.00821114	0.00297327
zikvMR766	8510	8680	1372	10	0.00795372	0.003284
zikvMR766	4260	4340	1727	10	0.00632911	0.00261604
zikvMR766	1840	9510	1430	1	0.00139665	0.00163366
zikvMR766	5120	5180	1080	10	0.0100825	0.00415705
zikvMR766	4260	4300	1818	10	0.00601422	0.00248641
zikvMR766	5120	5140	1080	10	0.0100825	0.00415705
zikvMR766	4360	4390	1363	10	0.00800582	0.00330539
zikvMR766	280	470	963	5	0.00619195	0.00360372
zikvMR766	7160	7170	1181	5	0.00505476	0.00294455
zikvMR766	920	3110	1365	2	0.00219298	0.00195654
zikvMR766	10000	10010	1632	7	0.00487805	0.00240964
zikvMR766	7760	7900	801	9	0.0123305	0.0053494
zikvMR766	3020	4090	1224	1	0.00163132	0.00190754
zikvMR766	4470	4490	1091	10	0.00998185	0.00411582
zikvMR766	700	780	1950	20	0.0106545	0.00310444
zikvMR766	700	740	1758	20	0.0118044	0.00343716
zikvMR766	9330	9400	1219	10	0.00894309	0.00369006
zikvMR766	8080	8210	1153	5	0.00517688	0.00301539
zikvMR766	6870	6920	899	19	0.0217628	0.00646323
zikvMR766	6380	6520	1361	8	0.00656934	0.00303375
zikvMR766	10460	10470	978	1	0.00204082	0.00238502
zikvMR766	2740	2850	804	10	0.0134969	0.00555215
zikvMR766	2890	3320	1068	2	0.00280112	0.00249745
zikvMR766	5540	5630	1214	7	0.00654664	0.00322998
zikvMR766	730	850	1870	10	0.00584795	0.00241794
zikvMR766	4700	4780	1679	10	0.00650888	0.00269002
zikvMR766	6940	7060	966	10	0.011259	0.00463845
zikvMR766	5880	5930	1129	10	0.00964912	0.00397951
zikvMR766	3690	3800	1399	13	0.009908	0.00358386
zikvMR766	9050	9110	1038	10	0.0104862	0.00432231
zikvMR766	4270	7500	1521	1	0.0013132	0.00153622
zikvMR766	3560	3690	1148	5	0.00519931	0.0030284
zikvMR766	6120	6180	1680	10	0.00650503	0.00268844
zikvMR766	6120	6140	1791	10	0.00610433	0.00252351
zikvMR766	10140	10180	1133	10	0.00961538	0.00396568
zikvMR766	4540	9050	1329	2	0.00225225	0.00200929
zikvMR766	1080	1180	1719	3	0.00232153	0.001728
zikvMR766	8130	8260	1376	4	0.00362056	0.00235126
zikvMR766	9470	9600	1250	10	0.00872324	0.00359988
zikvMR766	7770	7910	840	2	0.00355872	0.0031703
zikvMR766	6200	6330	1609	6	0.00433168	0.00230957
zikvMR766	1700	1820	1586	20	0.0130678	0.0038022
zikvMR766	8930	9010	969	6	0.00717213	0.00381584
zikvMR766	8730	8760	1249	10	0.00873016	0.00360271
zikvMR766	3740	3850	1646	10	0.0066385	0.00274336
zikvMR766	3740	3810	1506	3	0.00264901	0.00197113
zikvMR766	2490	2620	839	5	0.00710059	0.00412954
zikvMR766	8090	8220	1225	10	0.00889968	0.00367226
zikvMR766	6150	6240	1798	4	0.00277316	0.00180224
zikvMR766	5310	5390	1384	10	0.0078853	0.0032559
zikvMR766	9800	9940	1645	10	0.00664251	0.00274501
zikvMR766	6410	6480	1305	10	0.00835866	0.00345026
zikvMR766	5310	5350	1288	10	0.00846805	0.00349516
zikvMR766	9800	9900	1633	10	0.006691	0.00276496
zikvMR766	6410	6440	1376	10	0.00793079	0.00327458
zikvMR766	2360	2470	777	10	0.0139594	0.0057406
zikvMR766	760	880	1916	10	0.00570835	0.00236043
zikvMR766	8860	9180	1106	20	0.0186335	0.00540372
zikvMR766	5420	5490	1637	10	0.00667476	0.00275827
zikvMR766	8420	9950	1430	1	0.00139665	0.00163366
zikvMR766	1030	1100	1724	10	0.00634006	0.00262055
zikvMR766	4170	4260	1664	10	0.00656716	0.00271401
zikvMR766	1100	9510	1448	1	0.00137931	0.00161341
zikvMR766	400	2890	1114	10	0.00977778	0.00403222
zikvMR766	690	820	1867	9	0.00532765	0.0023224
zikvMR766	9130	9260	1046	10	0.0104068	0.00428983
zikvMR766	6830	6970	1113	1	0.00179372	0.00209696
zikvMR766	6830	6930	1067	10	0.0102041	0.00420683
zikvMR766	300	480	1051	10	0.0103578	0.00426978
zikvMR766	610	670	1293	10	0.00843558	0.00348183
zikvMR766	180	8910	574	13	0.0238095	0.00853639
zikvMR766	8870	8920	1017	10	0.0107004	0.00440998
zikvMR766	610	630	1133	10	0.00961538	0.00396568
zikvMR766	6440	6500	1395	20	0.0148305	0.00431057
zikvMR766	6700	6780	1415	10	0.00771388	0.00318548
zikvMR766	3490	3620	1226	3	0.00325203	0.00241847
zikvMR766	9090	9220	1014	10	0.0107317	0.00442279
zikvMR766	3750	3860	1750	10	0.00624645	0.00258202
zikvMR766	1060	1200	1662	3	0.00240096	0.00178698
zikvMR766	7410	7480	1036	4	0.00480307	0.00311604
zikvMR766	6310	6350	1530	10	0.00713822	0.00294889
zikvMR766	5790	5850	970	10	0.011213	0.00461968
zikvMR766	1810	1840	1745	10	0.00626424	0.00258934
zikvMR766	2910	2970	1165	2	0.00256849	0.00229063
zikvMR766	5790	5810	907	10	0.0119826	0.00493419
zikvMR766	5060	9160	1220	3	0.00326797	0.00243029
zikvMR766	5060	5160	1190	10	0.00915903	0.00377862
zikvMR766	5560	5690	1204	10	0.0090535	0.00373534
zikvMR766	5060	5120	1164	10	0.0093617	0.00386172
zikvMR766	7260	7300	1591	10	0.00686642	0.00283711
zikvMR766	980	1120	1708	10	0.00639907	0.00264483
zikvMR766	7740	9810	1278	1	0.0015625	0.00182723
zikvMR766	3470	3530	1178	10	0.00925147	0.00381652
zikvMR766	7720	7830	959	10	0.0113402	0.00467167
zikvMR766	10570	10600	1466	10	0.00744753	0.00307603
zikvMR766	9920	10050	1415	10	0.00771388	0.00318548
zikvMR766	9920	10010	1490	5	0.0040107	0.00233829
zikvMR766	320	460	1064	3	0.00374532	0.00278403
zikvMR766	320	420	1061	10	0.0102612	0.00423021
zikvMR766	10470	10600	1284	10	0.00849421	0.0035059
zikvMR766	10000	10790	814	2	0.00367197	0.00327079
zikvMR766	6500	6640	1355	3	0.00294334	0.00218954
zikvMR766	4640	4720	1689	1	0.00118273	0.00138385
zikvMR766	8920	10660	1289	1	0.00154919	0.0018117
zikvMR766	2210	2340	968	10	0.011236	0.00462907
zikvMR766	9640	9720	1524	10	0.00716612	0.00296036
zikvMR766	8300	8340	1186	10	0.00918964	0.00379117
zikvMR766	6190	6310	1556	10	0.00701978	0.00290019
zikvMR766	2210	2300	1055	9	0.00938967	0.00408178
zikvMR766	5350	5460	1576	10	0.00693132	0.00286381
zikvMR766	4410	4520	1196	10	0.0091135	0.00375995
zikvMR766	6690	6800	1269	10	0.00859375	0.00354674
zikvMR766	5350	5420	1461	8	0.00612245	0.00282826
zikvMR766	4750	4860	1502	10	0.00727032	0.0030032
zikvMR766	2060	2200	1266	6	0.00549882	0.00292928
zikvMR766	10080	10150	1261	3	0.00316206	0.00235176
zikvMR766	6210	6260	1683	10	0.00649351	0.0026837
zikvMR766	5850	5950	1071	10	0.0101664	0.00419138
zikvMR766	4510	4570	1455	20	0.0142276	0.00413682
zikvMR766	10080	10110	1398	10	0.00780696	0.00322371
zikvMR766	9590	9670	1642	30	0.0185296	0.00438606
zikvMR766	6210	6220	1687	1	0.00118413	0.00138548
zikvMR766	5850	5910	1097	8	0.00813743	0.00375377
zikvMR766	4510	4530	1422	20	0.014553	0.0042306
zikvMR766	3910	3970	2347	18	0.00803043	0.00247064
zikvMR766	9590	9630	1657	20	0.0125149	0.00364251
zikvMR766	5120	5220	1028	1	0.00194175	0.00226955
zikvMR766	3910	3930	2464	30	0.0124248	0.00295121
zikvMR766	7160	7250	1446	10	0.00754976	0.00311804
zikvMR766	7160	7210	1350	10	0.00808229	0.0033368
zikvMR766	6320	6360	1535	10	0.00711514	0.00293939
zikvMR766	5540	8980	1207	1	0.00165426	0.0019343
zikvMR766	3520	3540	1108	10	0.00983021	0.00405371
zikvMR766	4620	4630	1480	3	0.00269542	0.00200558
zikvMR766	4470	4530	1278	10	0.00853375	0.00352212
zikvMR766	1670	1710	1497	10	0.00729443	0.0030131
zikvMR766	700	820	1864	1	0.00107181	0.00125426
zikvMR766	420	8980	1077	1	0.00185357	0.00216675
zikvMR766	9820	9960	1585	10	0.00689223	0.00284773
zikvMR766	5180	5270	1072	10	0.010157	0.00418755
zikvMR766	10460	10590	1202	10	0.00906843	0.00374146
zikvMR766	650	670	1329	20	0.0155556	0.00451936
zikvMR766	10460	10550	1147	2	0.0026087	0.00232638
zikvMR766	7500	7640	1127	2	0.00265487	0.00236743
zikvMR766	4700	4820	1506	10	0.00725115	0.00299531
zikvMR766	890	9930	1648	1	0.00121212	0.00141817
zikvMR766	420	470	1143	10	0.00953206	0.00393154
zikvMR766	9300	9380	1117	10	0.00975177	0.00402157
zikvMR766	3210	3340	1154	3	0.00345423	0.00256835
zikvMR766	420	430	1124	3	0.0035461	0.00263643
zikvMR766	710	830	1751	10	0.00624291	0.00258056
zikvMR766	2760	3250	943	23	0.024819	0.00668666
zikvMR766	9300	9340	1203	5	0.00496278	0.00289117
zikvMR766	6120	6530	1545	1	0.00129282	0.00151243
zikvMR766	5900	5920	1163	10	0.00936968	0.00386499
zikvMR766	2910	3040	1214	10	0.00897959	0.00370504
zikvMR766	7790	7890	852	10	0.0127462	0.00524596
zikvMR766	2910	3000	1231	10	0.00885668	0.00365462
zikvMR766	7210	7220	1460	5	0.00409277	0.00238599
zikvMR766	2180	2660	968	10	0.011236	0.00462907
zikvMR766	5910	7270	1427	1	0.00139958	0.00163708
zikvMR766	2070	2210	1204	6	0.00578035	0.0030786
zikvMR766	930	2160	1577	4	0.00316056	0.00205333
zikvMR766	8420	8490	1422	12	0.00905923	0.00341252
zikvMR766	8420	8450	1406	10	0.00776288	0.00320561
zikvMR766	430	440	1098	3	0.00362976	0.00269842
zikvMR766	9300	10530	1096	3	0.00363636	0.00270331
zikvMR766	1080	1220	1586	1	0.00125945	0.00147345
zikvMR766	6330	6370	1533	10	0.00712435	0.00294318
zikvMR766	1340	1460	1351	10	0.00807636	0.00333436
zikvMR766	1100	1170	1623	10	0.00673195	0.00278181
zikvMR766	8240	8400	1422	18	0.0131853	0.00404408
zikvMR766	9100	9240	1056	2	0.00283286	0.00252567
zikvMR766	9100	9200	986	1	0.00202429	0.00236576
zikvMR766	9440	9540	1137	10	0.00958188	0.00395195
zikvMR766	6510	6570	1385	3	0.00287977	0.00214238
zikvMR766	760	960	1960	1	0.00101937	0.00119297
zikvMR766	6510	6530	1394	10	0.00782918	0.00323284
zikvMR766	5910	5970	1095	10	0.00994575	0.00410103
zikvMR766	8710	8750	1354	10	0.00805861	0.00332707
zikvMR766	5910	5930	1155	10	0.00943396	0.00389133
zikvMR766	5420	5530	1528	11	0.00779221	0.00306819
zikvMR766	1860	1960	1438	6	0.00484429	0.00258189
zikvMR766	10130	10170	1229	40	0.0322835	0.00656536
zikvMR766	1850	6950	1264	3	0.00315457	0.00234621
zikvMR766	450	460	1103	3	0.00361337	0.00268627
zikvMR766	2230	2360	969	1	0.00205973	0.00240706
zikvMR766	7220	7230	1411	9	0.0070373	0.00306409
zikvMR766	4270	4390	1556	9	0.0063857	0.00278162
zikvMR766	3970	4090	1666	10	0.00655933	0.00271078
zikvMR766	3180	3310	1005	1	0.0019861	0.00232125
zikvMR766	6340	6380	1458	10	0.00748809	0.00309271
zikvMR766	1840	1870	1541	30	0.0197201	0.00466472
zikvMR766	7300	7420	1219	1	0.001638	0.00191533
zikvMR766	250	370	884	1	0.00225734	0.00263727
zikvMR766	6700	6820	1374	30	0.0220641	0.00521222
